Ticker,opening,closing,NextHigh,high,low,day,PrevOpening,PrevClosing,PrevHigh,PrevLow
MFGP,5.43,5.53,5.44,5.53,5.39,1,5.45,5.33,5.4699,5.29
MFGP,5.39,5.34,5.44,5.44,5.34,2,5.43,5.53,5.53,5.39
MFGP,5.37,5.41,5.52,5.44,5.32,3,5.39,5.34,5.44,5.34
MFGP,5.5,5.28,5.35,5.52,5.27,4,5.37,5.41,5.44,5.32
MFGP,5.31,5.31,5.39,5.35,5.29,5,5.5,5.28,5.52,5.27
MFGP,5.37,5.36,5.46,5.39,5.32,6,5.31,5.31,5.35,5.29
MFGP,5.45,5.38,5.44,5.46,5.36,7,5.37,5.36,5.39,5.32
MFGP,5.43,5.36,5.5,5.44,5.36,8,5.45,5.38,5.46,5.36
MFGP,5.46,5.41,5.48,5.5,5.405,9,5.43,5.36,5.44,5.36
MFGP,5.44,5.38,5.4,5.48,5.31,10,5.46,5.41,5.5,5.405
MFGP,5.34,5.33,5.32,5.4,5.28,11,5.44,5.38,5.48,5.31
MFGP,5.28,5.2,5.34,5.32,5.2,12,5.34,5.33,5.4,5.28
MFGP,5.3,5.27,5.32,5.34,5.24,13,5.28,5.2,5.32,5.2
MFGP,5.21,5.31,5.29,5.32,5.2,14,5.3,5.27,5.34,5.24
MFGP,5.28,5.15,5.085,5.29,5.1,15,5.21,5.31,5.32,5.2
MFGP,5.08,5.0,4.77,5.085,4.94,16,5.28,5.15,5.29,5.1
MFGP,4.66,4.76,4.84,4.77,4.5,17,5.08,5.0,5.085,4.94
MFGP,4.83,4.62,4.735,4.84,4.58,18,4.66,4.76,4.77,4.5
MFGP,4.64,4.72,4.71,4.735,4.575,19,4.83,4.62,4.84,4.58
MFGP,4.69,4.56,4.6,4.71,4.53,20,4.64,4.72,4.735,4.575
MFGP,4.36,4.57,4.77,4.6,4.33,21,4.69,4.56,4.71,4.53
MFGP,4.65,4.69,4.79,4.77,4.643,22,4.36,4.57,4.6,4.33
MFGP,4.76,4.73,4.77,4.79,4.68,23,4.65,4.69,4.77,4.643
MFGP,4.73,4.7,4.68,4.77,4.68,24,4.76,4.73,4.79,4.68
MFGP,4.66,4.63,4.53,4.68,4.61,25,4.73,4.7,4.77,4.68
MFGP,4.51,4.47,4.505,4.53,4.4,26,4.66,4.63,4.68,4.61
MFGP,4.465,4.36,4.42,4.505,4.36,27,4.51,4.47,4.53,4.4
MFGP,4.39,4.41,4.52,4.42,4.315,28,4.465,4.36,4.505,4.36
MFGP,4.5,4.38,4.775,4.52,4.38,29,4.39,4.41,4.42,4.315
MFGP,4.57,4.75,4.81,4.775,4.52,30,4.5,4.38,4.52,4.38
MFGP,4.735,4.75,5.055,4.81,4.7,31,4.57,4.75,4.775,4.52
MFGP,4.905,5.03,5.22,5.055,4.88,32,4.735,4.75,4.81,4.7
MFGP,5.195,5.19,5.39,5.22,5.16,33,4.905,5.03,5.055,4.88
MFGP,5.38,5.33,5.42,5.39,5.3,34,5.195,5.19,5.22,5.16
MFGP,5.31,5.41,5.41,5.42,5.26,35,5.38,5.33,5.39,5.3
MFGP,5.35,5.39,5.46,5.41,5.335,36,5.31,5.41,5.42,5.26
MFGP,5.44,5.43,5.58,5.46,5.38,37,5.35,5.39,5.41,5.335
MFGP,5.49,5.56,5.63,5.58,5.49,38,5.44,5.43,5.46,5.38
MFGP,5.58,5.57,5.64,5.63,5.55,39,5.49,5.56,5.58,5.49
MFGP,5.59,5.63,5.78,5.64,5.55,40,5.58,5.57,5.63,5.55
MFGP,5.7,5.73,5.775,5.78,5.69,41,5.59,5.63,5.64,5.55
MFGP,5.76,5.61,5.68,5.775,5.6,42,5.7,5.73,5.78,5.69
MFGP,5.61,5.63,5.665,5.68,5.55,43,5.76,5.61,5.775,5.6
MFGP,5.58,5.64,5.655,5.665,5.57,44,5.61,5.63,5.68,5.55
MFGP,5.59,5.64,6.36,5.655,5.52,45,5.58,5.64,5.665,5.57
MFGP,6.04,6.33,6.32,6.36,6.04,46,5.59,5.64,5.655,5.52
MFGP,6.26,6.12,6.02,6.32,6.07,47,6.04,6.33,6.36,6.04
MFGP,5.99,5.89,6.035,6.02,5.89,48,6.26,6.12,6.32,6.07
MFGP,5.97,5.98,6.03,6.035,5.92,49,5.99,5.89,6.02,5.89
MFGP,5.96,5.94,6.045,6.03,5.925,50,5.97,5.98,6.035,5.92
MFGP,6.02,5.95,6.179,6.045,5.94,51,5.96,5.94,6.03,5.925
MFGP,6.09,6.0,5.965,6.179,6.0,52,6.02,5.95,6.045,5.94
MFGP,5.91,5.82,5.72,5.965,5.805,53,6.09,6.0,6.179,6.0
MFGP,5.58,5.72,5.79,5.72,5.47,54,5.91,5.82,5.965,5.805
MFGP,5.68,5.74,5.83,5.79,5.59,55,5.58,5.72,5.72,5.47
MFGP,5.805,5.7,5.87,5.83,5.655,56,5.68,5.74,5.79,5.59
MFGP,5.81,5.78,5.91,5.87,5.755,57,5.805,5.7,5.83,5.655
MFGP,5.83,5.91,6.1,5.91,5.785,58,5.81,5.78,5.87,5.755
MFGP,5.89,6.09,6.15,6.1,5.88,59,5.83,5.91,5.91,5.785
MFGP,6.08,6.15,6.29,6.15,6.03,60,5.89,6.09,6.1,5.88
MFGP,6.26,6.27,6.2,6.29,6.235,61,6.08,6.15,6.15,6.03
MFGP,6.18,6.07,6.02,6.2,6.07,62,6.26,6.27,6.29,6.235
MFGP,5.98,6.0,6.145,6.02,5.925,63,6.18,6.07,6.2,6.07
MFGP,6.05,6.1,5.5,6.145,6.03,64,5.98,6.0,6.02,5.925
MFGP,5.35,5.47,6.12,5.5,5.35,65,6.05,6.1,6.145,6.03
MFGP,6.02,6.09,6.58,6.12,5.98,66,5.35,5.47,5.5,5.35
MFGP,6.18,6.19,6.21,6.58,6.175,67,6.02,6.09,6.12,5.98
MFGP,6.11,5.97,5.85,6.21,5.94,68,6.18,6.19,6.58,6.175
MFGP,5.83,5.78,5.8,5.85,5.75,69,6.11,5.97,6.21,5.94
MFGP,5.7,5.8,5.81,5.8,5.66,70,5.83,5.78,5.85,5.75
MFGP,5.75,5.79,5.73,5.81,5.73,71,5.7,5.8,5.8,5.66
MFGP,5.72,5.61,5.58,5.73,5.595,72,5.75,5.79,5.81,5.73
MFGP,5.51,5.51,5.52,5.58,5.48,73,5.72,5.61,5.73,5.595
MFGP,5.32,5.43,5.485,5.52,5.31,74,5.51,5.51,5.58,5.48
MFGP,5.43,5.35,5.26,5.485,5.32,75,5.32,5.43,5.52,5.31
MFGP,4.96,5.25,5.32,5.26,4.94,76,5.43,5.35,5.485,5.32
MFGP,5.11,5.32,5.1901,5.32,5.11,77,4.96,5.25,5.26,4.94
MFGP,5.09,5.15,5.15,5.1901,5.07,78,5.11,5.32,5.32,5.11
MFGP,5.1,4.94,5.17,5.15,4.915,79,5.09,5.15,5.1901,5.07
MFGP,5.0,5.16,4.99,5.17,4.97,80,5.1,4.94,5.15,4.915
MFGP,4.97,4.81,4.67,4.99,4.79,81,5.0,5.16,5.17,4.97
MFGP,4.61,4.5,4.72,4.67,4.47,82,4.97,4.81,4.99,4.79
MFGP,4.69,4.39,4.72,4.72,4.38,83,4.61,4.5,4.67,4.47
MFGP,4.585,4.62,4.93,4.72,4.545,84,4.69,4.39,4.72,4.38
MFGP,4.82,4.88,4.63,4.93,4.8098,85,4.585,4.62,4.72,4.545
MFGP,4.6,4.59,4.75,4.63,4.525,86,4.82,4.88,4.93,4.8098
MFGP,4.74,4.62,4.86,4.75,4.61,87,4.6,4.59,4.63,4.525
MFGP,4.76,4.79,4.805,4.86,4.725,88,4.74,4.62,4.75,4.61
MFGP,4.705,4.79,5.15,4.805,4.7,89,4.76,4.79,4.86,4.725
FITB,44.46,44.08,44.655,44.64,43.815,1,44.51,43.98,44.68,43.485
FITB,44.33,44.26,44.22,44.655,43.97,2,44.46,44.08,44.64,43.815
FITB,44.07,44.09,44.575,44.22,43.68,3,44.33,44.26,44.655,43.97
FITB,44.11,44.03,44.495,44.575,43.92,4,44.07,44.09,44.22,43.68
FITB,44.09,44.3,44.46,44.495,43.97,5,44.11,44.03,44.575,43.92
FITB,44.13,44.21,44.94,44.46,43.685,6,44.09,44.3,44.495,43.97
FITB,44.3,44.62,45.195,44.94,44.18,7,44.13,44.21,44.46,43.685
FITB,44.62,44.83,44.79,45.195,44.42,8,44.3,44.62,44.94,44.18
FITB,44.74,44.2,44.49,44.79,44.03,9,44.62,44.83,45.195,44.42
FITB,44.14,44.14,43.71,44.49,43.72,10,44.74,44.2,44.79,44.03
FITB,43.58,43.55,44.65,43.71,42.72,11,44.14,44.14,44.49,43.72
FITB,44.3,44.16,44.925,44.65,43.7999,12,43.58,43.55,43.71,42.72
FITB,44.64,44.84,45.27,44.925,44.25,13,44.3,44.16,44.65,43.7999
FITB,44.78,44.6,43.33,45.27,44.45,14,44.64,44.84,44.925,44.25
FITB,42.73,42.48,43.39,43.33,41.5,15,44.78,44.6,45.27,44.45
FITB,43.11,42.99,42.64,43.39,42.265,16,42.73,42.48,43.33,41.5
FITB,42.39,42.15,43.84,42.64,41.7,17,43.11,42.99,43.39,42.265
FITB,43.26,41.74,44.325,43.84,41.73,18,42.39,42.15,42.64,41.7
FITB,42.28,43.94,44.32,44.325,42.13,19,43.26,41.74,43.84,41.73
FITB,43.96,43.05,44.31,44.32,42.64,20,42.28,43.94,44.325,42.13
FITB,43.7,43.58,44.27,44.31,43.315,21,43.96,43.05,44.32,42.64
FITB,43.81,44.08,44.89,44.27,43.69,22,43.7,43.58,44.31,43.315
FITB,44.36,43.96,44.1,44.89,43.94,23,43.81,44.08,44.27,43.69
FITB,43.65,43.75,44.08,44.1,43.3,24,44.36,43.96,44.89,43.94
FITB,44.04,43.76,43.76,44.08,43.155,25,43.65,43.75,44.1,43.3
FITB,43.56,42.4,43.481,43.76,42.36,26,44.04,43.76,44.08,43.155
FITB,42.48,43.12,43.87,43.481,42.41,27,43.56,42.4,43.76,42.36
FITB,43.38,43.42,44.44,43.87,42.68,28,42.48,43.12,43.481,42.41
FITB,43.9,43.53,43.46,44.44,43.38,29,43.38,43.42,43.87,42.68
FITB,43.41,42.26,41.65,43.46,41.9,30,43.9,43.53,44.44,43.38
FITB,41.59,41.18,42.63,41.65,40.37,31,43.41,42.26,43.46,41.9
FITB,41.79,42.51,42.845,42.63,41.64,32,41.59,41.18,41.65,40.37
FITB,42.3,42.7,43.54,42.845,42.12,33,41.79,42.51,42.63,41.64
FITB,43.05,43.07,43.72,43.54,42.93,34,42.3,42.7,42.845,42.12
FITB,43.18,43.7,44.07,43.72,42.78,35,43.05,43.07,43.54,42.93
FITB,43.57,43.78,44.21,44.07,43.49,36,43.18,43.7,43.72,42.78
FITB,43.75,43.9,44.15,44.21,43.52,37,43.57,43.78,44.07,43.49
FITB,43.88,43.6,43.82,44.15,43.56,38,43.75,43.9,44.21,43.52
FITB,43.46,43.55,44.735,43.82,43.38,39,43.88,43.6,44.15,43.56
FITB,44.05,44.67,46.78,44.735,43.99,40,43.46,43.55,43.82,43.38
FITB,45.19,46.57,47.31,46.78,45.07,41,44.05,44.67,44.735,43.99
FITB,46.82,46.43,48.48,47.31,46.31,42,45.19,46.57,46.78,45.07
FITB,47.45,48.37,48.95,48.48,47.27,43,46.82,46.43,47.31,46.31
FITB,48.26,48.8,49.41,48.95,47.95,44,47.45,48.37,48.48,47.27
FITB,49.2,48.8,49.24,49.41,47.95,45,48.26,48.8,48.95,47.95
FITB,49.08,49.05,49.81,49.24,48.395,46,49.2,48.8,49.41,47.95
FITB,49.1,49.2,50.155,49.81,48.95,47,49.08,49.05,49.24,48.395
FITB,49.65,49.54,50.5,50.155,49.305,48,49.1,49.2,49.81,48.95
FITB,48.89,50.45,50.64,50.5,48.6,49,49.65,49.54,50.155,49.305
FITB,50.41,49.62,49.83,50.64,49.305,50,48.89,50.45,50.5,48.6
FITB,49.86,47.97,48.8,49.83,47.8,51,50.41,49.62,50.64,49.305
FITB,48.28,46.62,46.51,48.8,46.53,52,49.86,47.97,49.83,47.8
FITB,46.37,45.04,45.625,46.51,44.88,53,48.28,46.62,48.8,46.53
FITB,44.25,45.48,45.47,45.625,43.37,54,46.37,45.04,46.51,44.88
FITB,45.18,44.92,45.86,45.47,43.85,55,44.25,45.48,45.625,43.37
FITB,45.43,44.8,45.86,45.86,43.9,56,45.18,44.92,45.47,43.85
FITB,45.5,44.23,44.5,45.86,43.81,57,45.43,44.8,45.86,43.9
FITB,44.15,44.47,44.83,44.5,43.2301,58,45.5,44.23,45.86,43.81
FITB,44.23,44.63,46.025,44.83,43.39,59,44.15,44.47,44.5,43.2301
FITB,44.53,45.94,46.81,46.025,44.36,60,44.23,44.63,44.83,43.39
FITB,45.79,46.67,47.44,46.81,45.64,61,44.53,45.94,46.025,44.36
FITB,46.83,46.18,47.575,47.44,46.09,62,45.79,46.67,46.81,45.64
FITB,46.43,47.34,48.51,47.575,46.39,63,46.83,46.18,47.44,46.09
FITB,47.48,48.32,49.62,48.51,47.13,64,46.43,47.34,47.575,46.39
FITB,48.8,49.5,49.7406,49.62,48.7,65,47.48,48.32,48.51,47.13
FITB,49.34,49.19,50.13,49.7406,49.085,66,48.8,49.5,49.62,48.7
FITB,49.34,49.12,49.82,50.13,48.91,67,49.34,49.19,49.7406,49.085
FITB,48.69,48.54,49.09,49.82,48.2,68,49.34,49.12,50.13,48.91
FITB,48.8,48.23,49.48,49.09,47.74,69,48.69,48.54,49.82,48.2
FITB,48.5,49.38,49.97,49.48,48.7,70,48.8,48.23,49.09,47.74
FITB,48.9,49.51,49.15,49.97,48.73,71,48.5,49.38,49.48,48.7
FITB,48.95,48.19,48.68,49.15,47.98,72,48.9,49.51,49.97,48.73
FITB,48.17,48.23,48.75,48.68,47.89,73,48.95,48.19,49.15,47.98
FITB,48.07,48.33,48.817,48.75,47.74,74,48.17,48.23,48.68,47.89
FITB,48.62,47.17,45.95,48.817,46.945,75,48.07,48.33,48.75,47.74
FITB,45.3,45.765,48.175,45.95,44.075,76,48.62,47.17,48.817,46.945
FITB,46.15,48.09,48.05,48.175,46.04,77,45.3,45.765,45.95,44.075
FITB,47.06,47.85,47.53,48.05,46.91,78,46.15,48.09,48.175,46.04
FITB,47.27,44.46,46.38,47.53,44.16,79,47.06,47.85,48.05,46.91
FITB,45.23,46.07,46.56,46.38,44.97,80,47.27,44.46,47.53,44.16
FITB,46.28,46.3,45.29,46.56,45.66,81,45.23,46.07,46.38,44.97
FITB,45.13,44.55,44.49,45.29,43.89,82,46.28,46.3,46.56,45.66
FITB,44.06,41.98,43.39,44.49,41.96,83,45.13,44.55,45.29,43.89
FITB,42.49,41.96,45.41,43.39,41.55,84,44.06,41.98,44.49,41.96
FITB,43.38,44.74,45.13,45.41,43.265,85,42.49,41.96,43.39,41.55
FITB,44.21,44.48,45.665,45.13,43.84,86,43.38,44.74,45.41,43.265
FITB,44.87,44.0,46.58,45.665,43.96,87,44.21,44.48,45.13,43.84
FITB,44.83,45.85,46.44,46.58,44.75,88,44.87,44.0,45.665,43.96
FITB,46.06,45.79,47.685,46.44,45.06,89,44.83,45.85,46.58,44.75
TRN,29.34,30.0,30.61,30.41,29.28,1,29.37,28.88,29.55,28.75
TRN,30.26,30.22,29.95,30.61,30.1,2,29.34,30.0,30.41,29.28
TRN,29.75,28.95,29.4,29.95,28.93,3,30.26,30.22,30.61,30.1
TRN,29.09,28.32,28.48,29.4,28.24,4,29.75,28.95,29.95,28.93
TRN,28.395,28.2,28.94,28.48,28.05,5,29.09,28.32,29.4,28.24
TRN,28.52,28.84,29.07,28.94,28.24,6,28.395,28.2,28.48,28.05
TRN,29.05,28.4,28.415,29.07,28.38,7,28.52,28.84,28.94,28.24
TRN,28.35,27.79,28.37,28.415,27.69,8,29.05,28.4,29.07,28.38
TRN,27.71,28.25,28.6,28.37,27.58,9,28.35,27.79,28.415,27.69
TRN,28.36,27.96,28.02,28.6,27.7,10,27.71,28.25,28.37,27.58
TRN,27.5,27.75,29.34,28.02,27.46,11,28.36,27.96,28.6,27.7
TRN,28.03,29.14,29.49,29.34,28.0,12,27.5,27.75,28.02,27.46
TRN,28.97,28.93,28.96,29.49,28.87,13,28.03,29.14,29.34,28.0
TRN,28.65,28.79,28.0,28.96,28.57,14,28.97,28.93,29.49,28.87
TRN,27.49,27.87,28.36,28.0,27.12,15,28.65,28.79,28.96,28.57
TRN,28.35,27.85,27.84,28.36,27.5,16,27.49,27.87,28.0,27.12
TRN,27.48,26.5,27.415,27.84,26.45,17,28.35,27.85,28.36,27.5
TRN,26.98,25.57,26.64,27.415,25.57,18,27.48,26.5,27.84,26.45
TRN,25.67,26.4,26.87,26.64,25.57,19,26.98,25.57,27.415,25.57
TRN,26.59,26.24,27.71,26.87,26.04,20,25.67,26.4,26.64,25.57
TRN,26.63,27.44,28.22,27.71,26.52,21,26.59,26.24,26.87,26.04
TRN,27.82,27.79,28.375,28.22,27.52,22,26.63,27.44,27.71,26.52
TRN,27.78,28.29,28.42,28.375,27.74,23,27.82,27.79,28.22,27.52
TRN,28.15,28.23,28.88,28.42,27.96,24,27.78,28.29,28.375,27.74
TRN,28.71,28.28,28.53,28.88,28.12,25,28.15,28.23,28.42,27.96
TRN,28.24,28.36,29.18,28.53,28.0,26,28.71,28.28,28.88,28.12
TRN,28.25,28.72,28.99,29.18,28.09,27,28.24,28.36,28.53,28.0
TRN,28.72,28.98,29.42,28.99,28.49,28,28.25,28.72,29.18,28.09
TRN,29.14,28.66,29.46,29.42,28.39,29,28.72,28.98,28.99,28.49
TRN,28.65,28.81,28.61,29.46,28.32,30,29.14,28.66,29.42,28.39
TRN,28.515,28.44,29.11,28.61,27.53,31,28.65,28.81,29.46,28.32
TRN,28.62,29.11,29.46,29.11,28.69,32,28.515,28.44,28.61,27.53
TRN,29.2,29.29,29.77,29.46,29.11,33,28.62,29.11,29.11,28.69
TRN,29.63,29.49,29.64,29.77,29.39,34,29.2,29.29,29.46,29.11
TRN,29.41,29.55,29.75,29.64,29.275,35,29.63,29.49,29.77,29.39
TRN,29.65,29.43,29.72,29.75,29.33,36,29.41,29.55,29.64,29.275
TRN,29.36,29.56,29.86,29.72,29.165,37,29.65,29.43,29.75,29.33
TRN,29.695,29.52,30.495,29.86,29.46,38,29.36,29.56,29.72,29.165
TRN,29.49,30.2,31.1,30.495,29.07,39,29.695,29.52,29.86,29.46
TRN,30.65,30.44,31.63,31.1,30.23,40,29.49,30.2,30.495,29.07
TRN,30.79,31.34,31.72,31.63,30.6,41,30.65,30.44,31.1,30.23
TRN,31.54,30.96,31.48,31.72,30.92,42,30.79,31.34,31.63,30.6
TRN,31.29,31.19,31.53,31.48,30.87,43,31.54,30.96,31.72,30.92
TRN,31.25,31.17,31.2,31.53,30.91,44,31.29,31.19,31.48,30.87
TRN,31.11,30.72,31.01,31.2,30.485,45,31.25,31.17,31.53,30.91
TRN,30.95,30.87,31.15,31.01,30.26,46,31.11,30.72,31.2,30.485
TRN,30.815,30.59,31.1002,31.15,30.58,47,30.95,30.87,31.01,30.26
TRN,30.58,30.64,30.855,31.1002,30.17,48,30.815,30.59,31.15,30.58
TRN,30.54,30.85,30.96,30.855,30.2,49,30.58,30.64,31.1002,30.17
TRN,30.81,30.27,30.51,30.96,30.24,50,30.54,30.85,30.855,30.2
TRN,30.27,29.64,29.85,30.51,29.59,51,30.81,30.27,30.96,30.24
TRN,29.82,28.49,28.5,29.85,28.465,52,30.27,29.64,30.51,29.59
TRN,28.36,27.57,28.48,28.5,27.56,53,29.82,28.49,29.85,28.465
TRN,27.05,28.31,28.84,28.48,26.74,54,28.36,27.57,28.5,27.56
TRN,27.91,28.51,29.54,28.84,27.2,55,27.05,28.31,28.48,26.74
TRN,28.84,28.77,29.405,29.54,28.3171,56,27.91,28.51,28.84,27.2
TRN,29.09,28.12,28.58,29.405,27.985,57,28.84,28.77,29.54,28.3171
TRN,28.09,28.57,28.74,28.58,27.26,58,29.09,28.12,29.405,27.985
TRN,28.41,28.73,29.47,28.74,27.86,59,28.09,28.57,28.58,27.26
TRN,28.9,29.39,29.38,29.47,28.42,60,28.41,28.73,28.74,27.86
TRN,29.19,29.24,29.58,29.38,28.64,61,28.9,29.39,29.47,28.42
TRN,29.24,29.12,29.24,29.58,28.96,62,29.19,29.24,29.38,28.64
TRN,28.92,28.94,29.415,29.24,28.67,63,29.24,29.12,29.58,28.96
TRN,28.98,29.21,30.02,29.415,28.845,64,28.92,28.94,29.24,28.67
TRN,29.55,29.94,30.4,30.02,29.4102,65,28.98,29.21,29.415,28.845
TRN,29.94,30.11,30.22,30.4,29.89,66,29.55,29.94,30.02,29.4102
TRN,29.69,29.86,30.3,30.22,29.52,67,29.94,30.11,30.4,29.89
TRN,29.79,30.09,30.44,30.3,29.61,68,29.69,29.86,30.22,29.52
TRN,30.33,30.11,30.78,30.44,29.885,69,29.79,30.09,30.3,29.61
TRN,30.57,30.5,31.35,30.78,30.25,70,30.33,30.11,30.44,29.885
TRN,30.68,31.27,30.63,31.35,30.44,71,30.57,30.5,30.78,30.25
TRN,30.09,29.51,29.8,30.63,28.92,72,30.68,31.27,31.35,30.44
TRN,29.16,29.45,30.08,29.8,28.88,73,30.09,29.51,30.63,28.92
TRN,29.51,29.56,29.93,30.08,29.31,74,29.16,29.45,29.8,28.88
TRN,29.86,28.66,28.605,29.93,28.66,75,29.51,29.56,30.08,29.31
TRN,28.11,28.39,29.09,28.605,27.87,76,29.86,28.66,29.93,28.66
TRN,28.53,28.85,29.03,29.09,28.36,77,28.11,28.39,28.605,27.87
TRN,28.54,28.86,28.91,29.03,28.42,78,28.53,28.85,29.09,28.36
TRN,28.89,28.22,29.78,28.91,27.3201,79,28.54,28.86,29.03,28.42
TRN,28.96,29.55,30.12,29.78,28.6,80,28.89,28.22,28.91,27.3201
TRN,29.95,29.74,30.505,30.12,29.32,81,28.96,29.55,29.78,28.6
TRN,29.48,30.39,31.44,30.505,29.46,82,29.95,29.74,30.12,29.32
TRN,30.55,30.82,32.84,31.44,30.2065,83,29.48,30.39,30.505,29.46
TRN,31.19,31.47,32.01,32.84,30.98,84,30.55,30.82,31.44,30.2065
TRN,31.82,31.7,32.2,32.01,31.4,85,31.19,31.47,32.84,30.98
TRN,31.5,32.09,32.92,32.2,31.22,86,31.82,31.7,32.01,31.4
TRN,32.39,32.63,33.05,32.92,32.15,87,31.5,32.09,32.2,31.22
TRN,33.02,32.21,32.55,33.05,31.78,88,32.39,32.63,32.92,32.15
TRN,32.36,32.46,32.79,32.55,31.93,89,33.02,32.21,33.05,31.78
KEY,23.85,23.68,23.9819,23.93,23.52,1,23.85,23.53,23.93,23.285
KEY,23.84,23.7,23.74,23.9819,23.505,2,23.85,23.68,23.93,23.52
KEY,23.49,23.71,24.01,23.74,23.3561,3,23.84,23.7,23.9819,23.505
KEY,23.74,23.9,24.36,24.01,23.72,4,23.49,23.71,23.74,23.3561
KEY,23.95,24.2,24.36,24.36,23.86,5,23.74,23.9,24.01,23.72
KEY,24.16,24.09,24.24,24.36,23.89,6,23.95,24.2,24.36,23.86
KEY,24.13,23.92,24.08,24.24,23.79,7,24.16,24.09,24.36,23.89
KEY,23.975,23.92,23.98,24.08,23.79,8,24.13,23.92,24.24,23.79
KEY,23.8,23.71,23.79,23.98,23.59,9,23.975,23.92,24.08,23.79
KEY,23.675,23.67,23.62,23.79,23.41,10,23.8,23.71,23.98,23.59
KEY,23.31,23.37,24.035,23.62,23.055,11,23.675,23.67,23.79,23.41
KEY,23.75,23.63,24.03,24.035,23.4,12,23.31,23.37,23.62,23.055
KEY,23.83,23.97,24.185,24.03,23.68,13,23.75,23.63,24.035,23.4
KEY,23.99,23.96,23.2,24.185,23.83,14,23.83,23.97,24.03,23.68
KEY,23.14,22.9,23.26,23.2,22.44,15,23.99,23.96,24.185,23.83
KEY,23.15,22.83,22.69,23.26,22.56,16,23.14,22.9,23.2,22.44
KEY,22.48,22.44,23.03,22.69,22.28,17,23.15,22.83,23.26,22.56
KEY,22.88,22.06,22.99,23.03,22.04,18,22.48,22.44,22.69,22.28
KEY,22.32,22.83,23.015,22.99,22.13,19,22.88,22.06,23.03,22.04
KEY,22.87,22.41,23.36,23.015,22.2,20,22.32,22.83,22.99,22.13
KEY,22.79,23.06,23.555,23.36,22.66,21,22.87,22.41,23.015,22.2
KEY,23.18,23.21,23.46,23.555,23.1,22,22.79,23.06,23.36,22.66
KEY,23.3,23.1,23.22,23.46,23.1,23,23.18,23.21,23.555,23.1
KEY,22.91,22.99,23.2,23.22,22.79,24,23.3,23.1,23.46,23.1
KEY,23.14,23.01,22.95,23.2,22.72,25,22.91,22.99,23.22,22.79
KEY,22.91,22.45,23.02,22.95,22.43,26,23.14,23.01,23.2,22.72
KEY,22.55,22.76,23.71,23.02,22.46,27,22.91,22.45,22.95,22.43
KEY,23.68,23.11,23.88,23.71,22.81,28,22.55,22.76,23.02,22.46
KEY,23.43,23.32,23.25,23.88,23.16,29,23.68,23.11,23.71,22.81
KEY,23.22,22.51,22.22,23.25,22.475,30,23.43,23.32,23.88,23.16
KEY,22.16,22.07,22.795,22.22,21.655,31,23.22,22.51,23.25,22.475
KEY,22.4,22.69,22.81,22.795,22.36,32,22.16,22.07,22.22,21.655
KEY,22.64,22.66,23.035,22.81,22.54,33,22.4,22.69,22.795,22.36
KEY,22.79,22.74,23.09,23.035,22.66,34,22.64,22.66,22.81,22.54
KEY,22.79,23.09,23.285,23.09,22.54,35,22.79,22.74,23.035,22.66
KEY,22.95,23.19,23.449,23.285,22.94,36,22.79,23.09,23.09,22.54
KEY,23.21,23.3,23.56,23.449,23.1,37,22.95,23.19,23.285,22.94
KEY,23.405,23.19,23.3,23.56,23.17,38,23.21,23.3,23.449,23.1
KEY,23.11,23.13,23.81,23.3,23.075,39,23.405,23.19,23.56,23.17
KEY,23.47,23.58,24.87,23.81,23.42,40,23.11,23.13,23.3,23.075
KEY,23.98,24.82,25.27,24.87,23.89,41,23.47,23.58,23.81,23.42
KEY,25.0,24.67,26.03,25.27,24.66,42,23.98,24.82,24.87,23.89
KEY,25.23,25.93,26.45,26.03,25.1,43,25.0,24.67,25.27,24.66
KEY,26.05,26.35,26.741,26.45,25.86,44,25.23,25.93,26.03,25.1
KEY,26.65,26.33,26.54,26.741,25.94,45,26.05,26.35,26.45,25.86
KEY,26.51,26.43,26.63,26.54,25.98,46,26.65,26.33,26.741,25.94
KEY,26.44,26.4,26.885,26.63,26.235,47,26.51,26.43,26.54,25.98
KEY,26.6,26.7,27.02,26.885,26.45,48,26.44,26.4,26.63,26.235
KEY,26.24,27.01,27.17,27.02,26.005,49,26.6,26.7,26.885,26.45
KEY,27.15,26.6,26.66,27.17,26.42,50,26.24,27.01,27.02,26.005
KEY,26.63,25.59,26.05,26.66,25.59,51,27.15,26.6,27.17,26.42
KEY,25.67,25.13,25.46,26.05,25.06,52,26.63,25.59,26.66,25.59
KEY,24.94,24.79,25.09,25.46,24.66,53,25.67,25.13,26.05,25.06
KEY,24.27,24.99,25.12,25.09,23.92,54,24.94,24.79,25.46,24.66
KEY,24.72,24.9,25.46,25.12,24.13,55,24.27,24.99,25.09,23.92
KEY,25.15,25.24,25.79,25.46,24.75,56,24.72,24.9,25.12,24.13
KEY,25.5,24.94,25.13,25.79,24.755,57,25.15,25.24,25.46,24.75
KEY,24.84,25.13,25.205,25.13,24.515,58,25.5,24.94,25.79,24.755
KEY,24.89,25.06,25.61,25.205,24.52,59,24.84,25.13,25.13,24.515
KEY,25.08,25.55,25.86,25.61,24.88,60,24.89,25.06,25.205,24.52
KEY,25.48,25.81,26.14,25.86,25.39,61,25.08,25.55,25.61,24.88
KEY,25.87,25.61,26.35,26.14,25.565,62,25.48,25.81,25.86,25.39
KEY,25.68,26.17,26.5352,26.35,25.645,63,25.87,25.61,26.14,25.565
KEY,26.37,26.41,27.03,26.5352,26.05,64,25.68,26.17,26.35,25.645
KEY,26.91,26.95,26.945,27.03,26.59,65,26.37,26.41,26.5352,26.05
KEY,26.94,26.7,27.1,26.945,26.63,66,26.91,26.95,27.03,26.59
KEY,26.73,26.55,26.915,27.1,26.42,67,26.94,26.7,26.945,26.63
KEY,26.34,26.22,26.47,26.915,26.02,68,26.73,26.55,27.1,26.42
KEY,26.34,25.91,26.6,26.47,25.685,69,26.34,26.22,26.915,26.02
KEY,26.18,26.53,26.82,26.6,26.135,70,26.34,25.91,26.47,25.685
KEY,26.29,26.61,26.36,26.82,26.26,71,26.18,26.53,26.6,26.135
KEY,26.28,25.73,25.995,26.36,25.62,72,26.29,26.61,26.82,26.26
KEY,25.65,25.64,25.82,25.995,25.55,73,26.28,25.73,26.36,25.62
KEY,25.69,25.59,25.86,25.82,25.365,74,25.65,25.64,25.995,25.55
KEY,25.71,24.67,24.19,25.86,24.545,75,25.69,25.59,25.82,25.365
KEY,23.85,24.13,25.335,24.19,23.275,76,25.71,24.67,25.86,24.545
KEY,24.32,25.3,25.07,25.335,24.285,77,23.85,24.13,24.19,23.275
KEY,24.45,25.07,24.77,25.07,24.24,78,24.32,25.3,25.335,24.285
KEY,24.65,22.99,24.335,24.77,22.84,79,24.45,25.07,25.07,24.24
KEY,23.46,24.17,24.36,24.335,23.4,80,24.65,22.99,24.77,22.84
KEY,24.16,24.16,23.55,24.36,23.73,81,23.46,24.17,24.335,23.4
KEY,23.44,23.22,23.075,23.55,22.87,82,24.16,24.16,24.36,23.73
KEY,22.81,22.12,23.07,23.075,22.11,83,23.44,23.22,23.55,22.87
KEY,22.72,22.4,23.61,23.07,22.1,84,22.81,22.12,23.075,22.11
KEY,23.2,23.32,23.37,23.61,23.13,85,22.72,22.4,23.07,22.1
KEY,22.91,22.96,23.705,23.37,22.73,86,23.2,23.32,23.61,23.13
KEY,23.23,22.92,24.305,23.705,22.89,87,22.91,22.96,23.37,22.73
KEY,23.38,23.81,24.155,24.305,23.38,88,23.23,22.92,23.705,22.89
KEY,24.0,23.84,24.71,24.155,23.49,89,23.38,23.81,24.305,23.38
LRCX,600.0,610.77,620.01,613.0,597.28,1,583.61,598.73,599.1,579.72
LRCX,615.48,609.07,623.0594,620.01,603.87,2,600.0,610.77,613.0,597.28
LRCX,610.49,621.91,622.28,623.0594,609.03,3,615.48,609.07,620.01,603.87
LRCX,613.05,605.78,619.305,622.28,603.895,4,610.49,621.91,623.0594,609.03
LRCX,613.59,613.7,627.9,619.305,609.745,5,613.05,605.78,622.28,603.895
LRCX,616.72,624.42,644.3883,627.9,613.5,6,613.59,613.7,619.305,609.745
LRCX,630.51,630.26,638.0,644.3883,625.08,7,616.72,624.42,627.9,613.5
LRCX,628.76,634.26,638.8,638.0,624.43,8,630.51,630.26,644.3883,625.08
LRCX,634.26,630.63,637.27,638.8,626.2835,9,628.76,634.26,638.0,624.43
LRCX,636.99,635.8,657.0,637.27,624.79,10,634.26,630.63,638.8,626.2835
LRCX,635.1,644.5,661.06,657.0,633.13,11,636.99,635.8,637.27,624.79
LRCX,650.0,646.7,662.31,661.06,642.12,12,635.1,644.5,657.0,633.13
LRCX,648.0,661.32,661.54,662.31,641.26,13,650.0,646.7,661.06,642.12
LRCX,654.0,660.79,654.0868,661.54,645.28,14,648.0,661.32,662.31,641.26
LRCX,651.46,641.98,682.29,654.0868,638.41,15,654.0,660.79,661.54,645.28
LRCX,651.51,680.54,693.0,682.29,649.0201,16,651.46,641.98,654.0868,638.41
LRCX,675.33,679.85,711.83,693.0,668.14,17,651.51,680.54,682.29,649.0201
LRCX,691.8,693.53,684.95,711.83,684.37,18,675.33,679.85,693.0,668.14
LRCX,682.28,661.52,670.985,684.95,655.89,19,691.8,693.53,711.83,684.37
LRCX,669.12,661.47,670.77,670.985,651.85,20,682.28,661.52,684.95,655.89
LRCX,664.12,667.56,709.56,670.77,642.43,21,669.12,661.47,670.985,651.85
LRCX,678.51,706.15,718.31,709.56,677.0,22,664.12,667.56,670.77,642.43
LRCX,706.0,714.03,719.91,718.31,705.0,23,678.51,706.15,709.56,677.0
LRCX,708.8,699.39,714.1,719.91,697.27,24,706.0,714.03,718.31,705.0
LRCX,710.34,705.96,708.05,714.1,694.55,25,708.8,699.39,719.91,697.27
LRCX,705.79,684.97,683.3873,708.05,684.0,26,710.34,705.96,714.1,694.55
LRCX,674.62,679.21,698.8,683.3873,668.14,27,705.79,684.97,708.05,684.0
LRCX,679.5,697.31,707.35,698.8,665.38,28,674.62,679.21,683.3873,668.14
LRCX,703.5,671.28,677.89,707.35,666.64,29,679.5,697.31,698.8,665.38
LRCX,665.0,669.17,673.01,677.89,660.64,30,703.5,671.28,707.35,666.64
LRCX,659.36,661.08,687.06,673.01,653.9,31,665.0,669.17,677.89,660.64
LRCX,678.56,683.07,692.03,687.06,665.14,32,659.36,661.08,673.01,653.9
LRCX,677.0,691.22,706.942,692.03,672.92,33,678.56,683.07,687.06,665.14
LRCX,693.86,698.72,724.0,706.942,693.375,34,677.0,691.22,692.03,672.92
LRCX,702.79,723.4,728.38,724.0,702.79,35,693.86,698.72,706.942,693.375
LRCX,725.5,716.1,728.1654,728.38,714.64,36,702.79,723.4,724.0,702.79
LRCX,716.91,726.75,728.0,728.1654,716.1,37,725.5,716.1,728.38,714.64
LRCX,728.0,718.33,725.87,728.0,717.18,38,716.91,726.75,728.1654,716.1
LRCX,718.31,719.15,731.0599,725.87,717.2301,39,728.0,718.33,728.0,717.18
LRCX,721.08,725.46,731.8492,731.0599,711.83,40,718.31,719.15,725.87,717.2301
LRCX,726.73,712.0,714.8999,731.8492,702.45,41,721.08,725.46,731.0599,711.83
LRCX,714.82,691.81,705.69,714.8999,690.61,42,726.73,712.0,731.8492,702.45
LRCX,693.5,701.91,703.215,705.69,686.96,43,714.82,691.81,714.8999,690.61
LRCX,700.06,669.29,667.82,703.215,668.39,44,693.5,701.91,705.69,686.96
LRCX,658.62,664.29,673.55,667.82,643.21,45,700.06,669.29,703.215,668.39
LRCX,652.82,673.21,689.02,673.55,652.01,46,658.62,664.29,667.82,643.21
LRCX,678.25,686.32,730.655,689.02,674.32,47,652.82,673.21,673.55,652.01
LRCX,705.0,686.77,730.75,730.655,683.33,48,678.25,686.32,689.02,674.32
LRCX,683.57,729.82,717.4,730.75,681.8,49,705.0,686.77,730.655,683.33
LRCX,716.27,679.01,698.68,717.4,676.43,50,683.57,729.82,730.75,681.8
LRCX,690.85,642.73,657.99,698.68,642.05,51,716.27,679.01,717.4,676.43
LRCX,654.63,619.67,636.73,657.99,617.52,52,690.85,642.73,698.68,642.05
LRCX,617.8,605.79,623.24,636.73,604.45,53,654.63,619.67,657.99,617.52
LRCX,585.01,621.82,604.44,623.24,575.51,54,617.8,605.79,636.73,604.45
LRCX,602.26,588.23,614.22,604.44,581.0,55,585.01,621.82,623.24,575.51
LRCX,603.52,596.67,600.5,614.22,580.38,56,602.26,588.23,604.44,581.0
LRCX,599.99,555.3,561.16,600.5,550.73,57,603.52,596.67,614.22,580.38
LRCX,554.5,561.14,589.97,561.16,530.0,58,599.99,555.3,600.5,550.73
LRCX,564.34,589.92,593.85,589.97,556.83,59,554.5,561.14,561.16,530.0
LRCX,590.0,589.47,613.3044,593.85,572.0,60,564.34,589.92,589.97,556.83
LRCX,597.92,611.77,605.56,613.3044,590.0701,61,590.0,589.47,593.85,572.0
LRCX,595.02,588.76,589.55,605.56,585.77,62,597.92,611.77,613.3044,590.0701
LRCX,586.05,579.07,589.53,589.55,573.6401,63,595.02,588.76,605.56,585.77
LRCX,582.63,571.37,577.57,589.53,568.98,64,586.05,579.07,589.55,573.6401
LRCX,567.28,576.29,610.5,577.57,560.6,65,582.63,571.37,589.53,568.98
LRCX,589.07,607.44,615.99,610.5,583.03,66,567.28,576.29,577.57,560.6
LRCX,588.74,594.87,599.94,615.99,587.99,67,589.07,607.44,610.5,583.03
LRCX,595.01,559.99,569.04,599.94,555.38,68,588.74,594.87,615.99,587.99
LRCX,560.67,558.25,596.77,569.04,547.66,69,595.01,559.99,599.94,555.38
LRCX,569.41,593.82,595.4,596.77,569.41,70,560.67,558.25,569.04,547.66
LRCX,583.84,591.47,595.22,595.4,577.2719,71,569.41,593.82,596.77,569.41
LRCX,585.34,580.61,582.24,595.22,579.22,72,583.84,591.47,595.4,577.2719
LRCX,581.72,569.99,577.35,582.24,563.29,73,585.34,580.61,595.22,579.22
LRCX,561.0,560.12,571.05,577.35,550.92,74,581.72,569.99,582.24,563.29
LRCX,566.73,542.39,564.09,571.05,541.24,75,561.0,560.12,577.35,550.92
LRCX,525.1,562.93,573.88,564.09,519.55,76,566.73,542.39,571.05,541.24
LRCX,564.21,573.2,571.14,573.88,556.11,77,525.1,562.93,564.09,519.55
LRCX,569.01,561.35,562.4,571.14,550.21,78,564.21,573.2,573.88,556.11
LRCX,558.06,540.57,558.2325,562.4,535.16,79,569.01,561.35,571.14,550.21
LRCX,541.41,554.02,560.5,558.2325,540.91,80,558.06,540.57,562.4,535.16
LRCX,560.5,543.51,542.015,560.5,538.695,81,541.41,554.02,558.2325,540.91
LRCX,538.74,525.78,533.53,542.015,519.61,82,560.5,543.51,560.5,538.695
LRCX,527.6,489.15,511.12,533.53,488.71,83,538.74,525.78,542.015,519.61
LRCX,491.23,490.37,522.21,511.12,479.05,84,527.6,489.15,533.53,488.71
LRCX,506.84,517.31,507.005,522.21,503.8701,85,491.23,490.37,511.12,479.05
LRCX,504.78,497.07,512.17,507.005,488.2577,86,506.84,517.31,522.21,503.8701
LRCX,510.45,483.39,490.58,512.17,482.58,87,504.78,497.07,507.005,488.2577
LRCX,488.29,469.0,486.95,490.58,466.06,88,510.45,483.39,512.17,482.58
LRCX,475.17,484.72,514.625,486.95,471.555,89,488.29,469.0,490.58,466.06
UNVR,29.1,29.16,29.77,29.49,28.885,1,29.34,28.68,29.44,28.59
UNVR,29.5,28.74,29.0,29.77,28.68,2,29.1,29.16,29.49,28.885
UNVR,28.94,28.52,28.67,29.0,28.43,3,29.5,28.74,29.77,28.68
UNVR,28.59,28.25,28.67,28.67,28.24,4,28.94,28.52,29.0,28.43
UNVR,28.26,28.34,28.98,28.67,28.21,5,28.59,28.25,28.67,28.24
UNVR,28.52,28.9,29.22,28.98,28.37,6,28.26,28.34,28.67,28.21
UNVR,29.0,28.96,29.31,29.22,28.78,7,28.52,28.9,28.98,28.37
UNVR,28.79,29.15,29.4,29.31,28.63,8,29.0,28.96,29.22,28.78
UNVR,29.23,29.09,29.3028,29.4,28.69,9,28.79,29.15,29.31,28.63
UNVR,29.15,28.45,28.405,29.3028,28.305,10,29.23,29.09,29.4,28.69
UNVR,28.19,28.09,28.68,28.405,28.04,11,29.15,28.45,29.3028,28.305
UNVR,28.38,28.42,28.8,28.68,28.11,12,28.19,28.09,28.405,28.04
UNVR,28.47,28.49,28.47,28.8,28.37,13,28.38,28.42,28.68,28.11
UNVR,28.07,28.14,27.33,28.47,28.03,14,28.47,28.49,28.8,28.37
UNVR,27.23,26.99,27.4,27.33,26.462,15,28.07,28.14,28.47,28.03
UNVR,27.32,27.05,26.835,27.4,26.92,16,27.23,26.99,27.33,26.462
UNVR,26.74,25.91,27.09,26.835,25.91,17,27.32,27.05,27.4,26.92
UNVR,26.61,25.8,26.85,27.09,25.8,18,26.74,25.91,26.835,25.91
UNVR,26.14,26.67,27.03,26.85,26.01,19,26.61,25.8,27.09,25.8
UNVR,26.93,26.32,27.41,27.03,26.07,20,26.14,26.67,26.85,26.01
UNVR,26.63,27.29,28.68,27.41,26.53,21,26.93,26.32,27.03,26.07
UNVR,27.96,28.22,28.56,28.68,27.76,22,26.63,27.29,27.41,26.53
UNVR,28.4,28.04,28.28,28.56,28.04,23,27.96,28.22,28.68,27.76
UNVR,27.78,27.95,28.39,28.28,27.74,24,28.4,28.04,28.56,28.04
UNVR,28.33,27.77,27.69,28.39,27.555,25,27.78,27.95,28.28,27.74
UNVR,27.47,26.94,27.11,27.69,26.9,26,28.33,27.77,28.39,27.555
UNVR,26.77,26.77,27.13,27.11,26.6556,27,27.47,26.94,27.69,26.9
UNVR,26.86,27.05,27.78,27.13,26.41,28,26.77,26.77,27.11,26.6556
UNVR,27.51,26.81,26.905,27.78,26.81,29,26.86,27.05,27.13,26.41
UNVR,26.63,26.41,26.37,26.905,26.22,30,27.51,26.81,27.78,26.81
UNVR,25.94,26.29,26.99,26.37,25.2975,31,26.63,26.41,26.905,26.22
UNVR,26.8,26.76,27.44,26.99,26.58,32,25.94,26.29,26.37,25.2975
UNVR,26.92,27.25,27.595,27.44,26.82,33,26.8,26.76,26.99,26.58
UNVR,27.47,27.4,27.915,27.595,27.35,34,26.92,27.25,27.44,26.82
UNVR,27.43,27.77,28.265,27.915,27.22,35,27.47,27.4,27.595,27.35
UNVR,27.94,28.1,28.51,28.265,27.7,36,27.43,27.77,27.915,27.22
UNVR,28.195,28.44,28.59,28.51,28.09,37,27.94,28.1,28.265,27.7
UNVR,28.485,28.1,28.51,28.59,28.02,38,28.195,28.44,28.51,28.09
UNVR,28.1,28.35,28.85,28.51,27.93,39,28.485,28.1,28.59,28.02
UNVR,28.63,28.08,28.95,28.85,27.805,40,28.1,28.35,28.51,27.93
UNVR,28.44,28.69,28.95,28.95,28.22,41,28.63,28.08,28.85,27.805
UNVR,28.81,28.12,28.62,28.95,28.05,42,28.44,28.69,28.95,28.22
UNVR,28.31,28.49,28.59,28.62,28.11,43,28.81,28.12,28.95,28.05
UNVR,28.38,28.0,28.1,28.59,27.97,44,28.31,28.49,28.62,28.11
UNVR,27.78,27.67,27.85,28.1,27.22,45,28.38,28.0,28.59,27.97
UNVR,27.53,27.8,28.09,27.85,27.09,46,27.78,27.67,28.1,27.22
UNVR,28.0,27.84,28.36,28.09,27.6137,47,27.53,27.8,27.85,27.09
UNVR,27.95,28.17,29.0,28.36,27.95,48,28.0,27.84,28.09,27.6137
UNVR,27.88,29.0,28.75,29.0,27.68,49,27.95,28.17,28.36,27.95
UNVR,28.46,27.95,28.22,28.75,27.63,50,27.88,29.0,29.0,27.68
UNVR,27.97,27.28,28.08,28.22,27.25,51,28.46,27.95,28.75,27.63
UNVR,27.21,27.25,27.49,28.08,27.04,52,27.97,27.28,28.22,27.25
UNVR,27.02,26.9,27.25,27.49,26.7,53,27.21,27.25,28.08,27.04
UNVR,26.3,27.18,27.2,27.25,26.065,54,27.02,26.9,27.49,26.7
UNVR,26.62,26.98,27.85,27.2,26.17,55,26.3,27.18,27.25,26.065
UNVR,27.11,27.28,27.82,27.85,26.935,56,26.62,26.98,27.2,26.17
UNVR,27.46,26.58,26.57,27.82,26.46,57,27.11,27.28,27.85,26.935
UNVR,26.35,26.56,26.56,26.57,25.92,58,27.46,26.58,27.82,26.46
UNVR,26.14,26.5,27.88,26.56,26.02,59,26.35,26.56,26.57,25.92
UNVR,26.67,27.81,28.18,27.88,26.4,60,26.14,26.5,26.56,26.02
UNVR,27.84,27.95,27.99,28.18,27.48,61,26.67,27.81,27.88,26.4
UNVR,27.55,27.5,27.68,27.99,27.43,62,27.84,27.95,28.18,27.48
UNVR,27.31,27.31,27.74,27.68,27.12,63,27.55,27.5,27.99,27.43
UNVR,27.38,27.42,28.48,27.74,27.25,64,27.31,27.31,27.68,27.12
UNVR,27.64,28.37,29.62,28.48,27.36,65,27.38,27.42,27.74,27.25
UNVR,28.65,29.23,29.5,29.62,28.67,66,27.64,28.37,28.48,27.36
UNVR,29.02,29.08,29.44,29.5,28.82,67,28.65,29.23,29.62,28.67
UNVR,29.05,28.62,28.96,29.44,28.385,68,29.02,29.08,29.5,28.82
UNVR,28.93,28.3,29.69,28.96,28.01,69,29.05,28.62,29.44,28.385
UNVR,29.15,29.49,30.26,29.69,28.59,70,28.93,28.3,28.96,28.01
UNVR,29.48,30.21,30.14,30.26,29.4,71,29.15,29.49,29.69,28.59
UNVR,29.89,29.65,30.39,30.14,29.54,72,29.48,30.21,30.26,29.4
UNVR,30.03,29.3,29.55,30.39,29.27,73,29.89,29.65,30.14,29.54
UNVR,29.32,29.23,29.5,29.55,28.88,74,30.03,29.3,30.39,29.27
UNVR,29.42,28.52,28.505,29.5,28.51,75,29.32,29.23,29.55,28.88
UNVR,27.64,28.41,30.77,28.505,27.31,76,29.42,28.52,29.5,28.51
UNVR,29.93,30.46,31.06,30.77,29.46,77,27.64,28.41,28.505,27.31
UNVR,30.02,30.71,30.96,31.06,30.01,78,29.93,30.46,30.77,29.46
UNVR,30.74,29.8,31.2,30.96,29.48,79,30.02,30.71,31.06,30.01
UNVR,30.42,31.09,31.37,31.2,30.19,80,30.74,29.8,30.96,29.48
UNVR,31.16,30.89,30.405,31.37,30.46,81,30.42,31.09,31.2,30.19
UNVR,30.22,29.26,29.36,30.405,29.09,82,31.16,30.89,31.37,30.46
UNVR,29.07,27.65,28.74,29.36,27.54,83,30.22,29.26,30.405,29.09
UNVR,27.93,28.04,29.92,28.74,27.58,84,29.07,27.65,29.36,27.54
UNVR,29.2,29.52,29.91,29.92,28.96,85,27.93,28.04,28.74,27.58
UNVR,29.09,29.85,30.8,29.91,28.7,86,29.2,29.52,29.92,28.96
UNVR,30.23,30.65,32.08,30.8,30.1,87,29.09,29.85,29.91,28.7
UNVR,31.23,31.86,32.52,32.08,30.86,88,30.23,30.65,30.8,30.1
UNVR,32.15,32.16,33.38,32.52,31.77,89,31.23,31.86,32.08,30.86
ZEN,103.0,101.07,102.56,103.72,100.76,1,103.96,102.87,105.0,102.85
ZEN,101.02,101.0,102.65,102.56,100.18,2,103.0,101.07,103.72,100.76
ZEN,101.98,100.35,101.6,102.65,99.94,3,101.02,101.0,102.56,100.18
ZEN,99.48,100.64,102.65,101.6,99.02,4,101.98,100.35,102.65,99.94
ZEN,101.24,100.13,103.865,102.65,99.01,5,99.48,100.64,101.6,99.02
ZEN,101.55,103.83,104.61,103.865,100.98,6,101.24,100.13,102.65,99.01
ZEN,103.0,103.39,104.64,104.61,102.49,7,101.55,103.83,103.865,100.98
ZEN,103.69,104.13,105.31,104.64,102.33,8,103.0,103.39,104.61,102.49
ZEN,104.58,103.13,102.83,105.31,101.52,9,103.69,104.13,104.64,102.33
ZEN,102.99,97.76,98.5,102.83,97.7,10,104.58,103.13,105.31,101.52
ZEN,96.22,97.21,98.0,98.5,95.6,11,102.99,97.76,102.83,97.7
ZEN,97.57,94.85,95.07,98.0,91.65,12,96.22,97.21,98.5,95.6
ZEN,93.23,91.74,94.52,95.07,90.51,13,97.57,94.85,98.0,91.65
ZEN,91.02,94.16,94.4416,94.52,90.55,14,93.23,91.74,95.07,90.51
ZEN,92.9,94.27,95.81,94.4416,92.2187,15,91.02,94.16,94.52,90.55
ZEN,94.92,95.11,103.86,95.81,93.19,16,92.9,94.27,94.4416,92.2187
ZEN,94.51,102.11,104.0,103.86,93.75,17,94.92,95.11,95.81,93.19
ZEN,102.7,99.38,101.8,104.0,98.185,18,94.51,102.11,103.86,93.75
ZEN,100.11,99.8,101.95,101.8,96.95,19,102.7,99.38,104.0,98.185
ZEN,100.95,96.88,99.1,101.95,91.08,20,100.11,99.8,101.8,96.95
ZEN,96.0,97.91,107.4,99.1,93.7,21,100.95,96.88,101.95,91.08
ZEN,102.97,102.13,104.93,107.4,101.67,22,96.0,97.91,99.1,93.7
ZEN,102.12,103.83,104.39,104.93,100.75,23,102.97,102.13,107.4,101.67
ZEN,103.07,101.29,103.595,104.39,100.91,24,102.12,103.83,104.93,100.75
ZEN,102.37,100.57,101.92,103.595,100.02,25,103.07,101.29,104.39,100.91
ZEN,101.32,100.95,100.84,101.92,98.835,26,102.37,100.57,103.595,100.02
ZEN,99.655,100.25,100.22,100.84,98.39,27,101.32,100.95,101.92,98.835
ZEN,98.95,99.45,101.59,100.22,96.69,28,99.655,100.25,100.84,98.39
ZEN,99.58,98.7,102.51,101.59,96.39,29,98.95,99.45,100.22,96.69
ZEN,97.36,102.32,103.2,102.51,95.31,30,99.58,98.7,101.59,96.39
ZEN,101.06,101.69,105.735,103.2,100.33,31,97.36,102.32,102.51,95.31
ZEN,102.35,104.74,106.41,105.735,102.0,32,101.06,101.69,103.2,100.33
ZEN,104.88,103.82,104.19,106.41,102.85,33,102.35,104.74,105.735,102.0
ZEN,103.28,103.35,105.46,104.19,102.86,34,104.88,103.82,106.41,102.85
ZEN,103.75,103.85,104.86,105.46,103.19,35,103.28,103.35,104.19,102.86
ZEN,104.25,104.23,104.5,104.86,103.11,36,103.75,103.85,105.46,103.19
ZEN,104.1,102.44,107.13,104.5,101.815,37,104.25,104.23,104.86,103.11
ZEN,102.9,106.18,106.01,107.13,102.795,38,104.1,102.44,104.5,101.815
ZEN,105.525,104.29,104.67,106.01,104.05,39,102.9,106.18,107.13,102.795
ZEN,104.29,103.53,103.31,104.67,100.92,40,105.525,104.29,106.01,104.05
ZEN,102.54,102.25,101.23,103.31,98.96,41,104.29,103.53,104.67,100.92
ZEN,99.63,96.87,101.58,101.23,96.34,42,102.54,102.25,103.31,98.96
ZEN,96.56,98.36,100.22,101.58,96.05,43,99.63,96.87,101.23,96.34
ZEN,98.0,97.92,100.11,100.22,97.3,44,96.56,98.36,101.58,96.05
ZEN,97.01,99.99,101.44,100.11,95.92,45,98.0,97.92,100.22,97.3
ZEN,99.99,100.45,105.0,101.44,99.01,46,97.01,99.99,100.11,95.92
ZEN,102.5,101.95,102.27,105.0,101.32,47,99.99,100.45,101.44,99.01
ZEN,101.95,99.15,101.01,102.27,99.02,48,102.5,101.95,105.0,101.32
ZEN,98.74,100.41,99.4,101.01,97.07,49,101.95,99.15,102.27,99.02
ZEN,98.02,96.88,100.24,99.4,96.21,50,98.74,100.41,101.01,97.07
ZEN,96.91,97.57,100.95,100.24,96.29,51,98.02,96.88,99.4,96.21
ZEN,99.0,97.69,98.16,100.95,97.29,52,96.91,97.57,100.24,96.29
ZEN,97.42,94.74,96.035,98.16,94.33,53,99.0,97.69,100.95,97.29
ZEN,92.0,95.77,95.43,96.035,87.9,54,97.42,94.74,98.16,94.33
ZEN,94.3,93.72,96.24,95.43,91.53,55,92.0,95.77,96.035,87.9
ZEN,95.86,92.03,93.6,96.24,91.47,56,94.3,93.72,95.43,91.53
ZEN,93.08,90.52,94.625,93.6,89.62,57,95.86,92.03,96.24,91.47
ZEN,90.99,94.51,98.68,94.625,89.33,58,93.08,90.52,93.6,89.62
ZEN,95.68,98.51,101.79,98.68,95.2343,59,90.99,94.51,94.625,89.33
ZEN,99.14,100.23,101.13,101.79,97.63,60,95.68,98.51,98.68,95.2343
ZEN,100.47,99.42,98.8,101.13,98.05,61,99.14,100.23,101.79,97.63
ZEN,96.61,94.57,98.26,98.8,94.29,62,100.47,99.42,101.13,98.05
ZEN,95.37,97.68,101.19,98.26,93.72,63,96.61,94.57,98.8,94.29
ZEN,98.84,98.43,99.81,101.19,97.82,64,95.37,97.68,98.26,93.72
ZEN,97.98,99.19,103.38,99.81,97.6,65,98.84,98.43,101.19,97.82
ZEN,101.0,103.11,121.6199,103.38,99.8,66,97.98,99.19,99.81,97.6
ZEN,100.65,114.18,119.75,121.6199,100.65,67,101.0,103.11,103.38,99.8
ZEN,117.5,116.27,117.54,119.75,112.83,68,100.65,114.18,121.6199,100.65
ZEN,114.0,116.39,120.18,117.54,112.3,69,117.5,116.27,119.75,112.83
ZEN,117.0,118.78,119.88,120.18,116.56,70,114.0,116.39,117.54,112.3
ZEN,115.56,118.0,118.32,119.88,115.32,71,117.0,118.78,120.18,116.56
ZEN,116.8,116.65,117.69,118.32,115.76,72,115.56,118.0,119.88,115.32
ZEN,116.79,115.06,115.21,117.69,113.15,73,116.8,116.65,118.32,115.76
ZEN,113.6,111.39,113.83,115.21,111.08,74,116.79,115.06,117.69,113.15
ZEN,111.97,112.06,115.83,113.83,110.28,75,113.6,111.39,115.21,111.08
ZEN,107.73,115.06,117.5,115.83,107.56,76,111.97,112.06,113.83,110.28
ZEN,116.09,115.48,117.63,117.5,113.28,77,107.73,115.06,115.83,107.56
ZEN,116.5,116.67,118.2,117.63,114.57,78,116.09,115.48,117.5,113.28
ZEN,115.99,116.8,125.1,118.2,115.47,79,116.5,116.67,117.63,114.57
ZEN,120.0,124.19,124.8,125.1,119.56,80,115.99,116.8,118.2,115.47
ZEN,124.28,122.0,123.0,124.8,121.39,81,120.0,124.19,125.1,119.56
ZEN,123.01,119.81,121.115,123.0,118.46,82,124.28,122.0,124.8,121.39
ZEN,120.85,113.33,115.88,121.115,112.39,83,123.01,119.81,123.0,118.46
ZEN,112.65,113.56,118.87,115.88,111.61,84,120.85,113.33,121.115,112.39
ZEN,115.4,116.36,119.14,118.87,114.653,85,112.65,113.56,115.88,111.61
ZEN,114.8,118.93,119.59,119.14,114.2982,86,115.4,116.36,118.87,114.653
ZEN,118.85,113.97,113.7,119.59,113.88,87,114.8,118.93,119.14,114.2982
ZEN,113.04,110.79,112.08,113.7,107.9555,88,118.85,113.97,119.59,113.88
ZEN,109.39,111.2,113.36,112.08,107.77,89,113.04,110.79,113.7,107.9555
WRK,48.43,48.76,49.81,49.86,48.3,1,48.36,47.97,48.81,47.71
WRK,48.97,49.12,49.3799,49.81,48.78,2,48.43,48.76,49.86,48.3
WRK,48.04,48.42,49.78,49.3799,47.78,3,48.97,49.12,49.81,48.78
WRK,48.225,49.03,49.94,49.78,48.06,4,48.04,48.42,49.3799,47.78
WRK,49.02,49.69,49.84,49.94,48.77,5,48.225,49.03,49.78,48.06
WRK,49.36,49.0,49.49,49.84,48.96,6,49.02,49.69,49.94,48.77
WRK,49.1,49.13,49.989,49.49,48.41,7,49.36,49.0,49.84,48.96
WRK,49.1,49.19,49.41,49.989,49.06,8,49.1,49.13,49.49,48.41
WRK,48.99,49.01,49.2893,49.41,48.565,9,49.1,49.19,49.989,49.06
WRK,49.125,48.0,47.475,49.2893,47.8,10,48.99,49.01,49.41,48.565
WRK,47.3,46.77,48.5,47.475,46.57,11,49.125,48.0,49.2893,47.8
WRK,46.91,48.14,48.73,48.5,46.82,12,47.3,46.77,47.475,46.57
WRK,48.35,47.99,47.91,48.73,47.83,13,46.91,48.14,48.5,46.82
WRK,47.865,46.84,46.5,47.91,46.79,14,48.35,47.99,48.73,47.83
WRK,45.15,46.34,47.1,46.5,44.48,15,47.865,46.84,47.91,46.79
WRK,46.89,46.12,45.4,47.1,45.91,16,45.15,46.34,46.5,44.48
WRK,45.4,43.39,45.5,45.4,43.31,17,46.89,46.12,47.1,45.91
WRK,44.28,43.52,45.27,45.5,43.5,18,45.4,43.39,45.4,43.31
WRK,43.93,44.97,46.14,45.27,43.78,19,44.28,43.52,45.5,43.5
WRK,44.81,44.76,46.66,46.14,44.53,20,43.93,44.97,45.27,43.78
WRK,45.33,45.48,46.0,46.66,45.27,21,44.81,44.76,46.14,44.53
WRK,45.79,45.19,45.91,46.0,45.06,22,45.33,45.48,46.66,45.27
WRK,45.43,44.58,44.61,45.91,44.085,23,45.79,45.19,46.0,45.06
WRK,44.5,44.04,44.52,44.61,43.88,24,45.43,44.58,45.91,44.085
WRK,44.22,43.62,43.74,44.52,43.32,25,44.5,44.04,44.61,43.88
WRK,43.7,43.02,43.96,43.74,42.83,26,44.22,43.62,44.52,43.32
WRK,43.12,43.31,43.6,43.96,43.0001,27,43.7,43.02,43.74,42.83
WRK,43.45,43.56,45.47,43.6,42.91,28,43.12,43.31,43.96,43.0001
WRK,44.01,45.02,45.23,45.47,44.07,29,43.45,43.56,43.6,42.91
WRK,45.02,43.94,43.39,45.23,43.83,30,44.01,45.02,45.47,44.07
WRK,43.01,42.48,43.51,43.39,41.849,31,45.02,43.94,45.23,43.83
WRK,42.78,43.32,43.3893,43.51,42.78,32,43.01,42.48,43.39,41.849
WRK,43.385,42.86,43.45,43.3893,42.76,33,42.78,43.32,43.51,42.78
WRK,43.39,43.0,43.77,43.45,42.94,34,43.385,42.86,43.3893,42.76
WRK,43.18,43.76,44.32,43.77,42.95,35,43.39,43.0,43.45,42.94
WRK,43.815,44.19,44.59,44.32,43.76,36,43.18,43.76,43.77,42.95
WRK,44.12,44.28,44.95,44.59,44.06,37,43.815,44.19,44.32,43.76
WRK,44.63,44.22,44.43,44.95,44.11,38,44.12,44.28,44.59,44.06
WRK,44.26,44.36,45.11,44.43,44.04,39,44.63,44.22,44.95,44.11
WRK,44.58,44.19,46.51,45.11,44.11,40,44.26,44.36,44.43,44.04
WRK,44.55,45.77,47.09,46.51,44.53,41,44.58,44.19,45.11,44.11
WRK,45.98,46.18,47.355,47.09,45.93,42,44.55,45.77,46.51,44.53
WRK,46.73,46.13,47.11,47.355,45.965,43,45.98,46.18,47.09,45.93
WRK,46.47,46.94,47.66,47.11,46.18,44,46.73,46.13,47.355,45.965
WRK,47.39,45.58,46.08,47.66,45.15,45,46.47,46.94,47.11,46.18
WRK,45.88,45.94,46.44,46.08,45.27,46,47.39,45.58,47.66,45.15
WRK,46.18,46.0,47.51,46.44,45.62,47,45.88,45.94,46.08,45.27
WRK,46.25,47.25,47.09,47.51,46.11,48,46.18,46.0,46.44,45.62
WRK,46.71,46.91,46.69,47.09,46.34,49,46.25,47.25,47.51,46.11
WRK,46.45,45.73,46.65,46.69,45.3,50,46.71,46.91,47.09,46.34
WRK,45.94,46.27,46.4367,46.65,45.655,51,46.45,45.73,46.69,45.3
WRK,45.25,45.24,45.44,46.4367,44.44,52,45.94,46.27,46.65,45.655
WRK,45.05,43.88,45.11,45.44,43.65,53,45.25,45.24,46.4367,44.44
WRK,42.85,44.99,44.71,45.11,42.28,54,45.05,43.88,45.44,43.65
WRK,44.34,44.1,45.1,44.71,43.26,55,42.85,44.99,45.11,42.28
WRK,44.01,43.39,45.18,45.1,43.01,56,44.34,44.1,44.71,43.26
WRK,43.93,43.86,44.52,45.18,43.47,57,44.01,43.39,45.1,43.01
WRK,43.48,44.42,46.33,44.52,43.16,58,43.93,43.86,45.18,43.47
WRK,44.22,46.16,46.91,46.33,44.04,59,43.48,44.42,44.52,43.16
WRK,46.02,46.32,46.15,46.91,45.95,60,44.22,46.16,46.33,44.04
WRK,45.89,45.86,46.66,46.15,45.275,61,46.02,46.32,46.91,45.95
WRK,45.36,46.13,46.405,46.66,44.87,62,45.89,45.86,46.15,45.275
WRK,45.825,45.37,45.97,46.405,45.1,63,45.36,46.13,46.66,44.87
WRK,45.77,45.29,47.17,45.97,45.05,64,45.825,45.37,46.405,45.1
WRK,45.85,47.12,48.0,47.17,45.55,65,45.77,45.29,45.97,45.05
WRK,47.48,47.4,47.9195,48.0,47.31,66,45.85,47.12,47.17,45.55
WRK,46.99,46.67,47.13,47.9195,46.45,67,47.48,47.4,48.0,47.31
WRK,46.41,46.46,46.68,47.13,46.19,68,46.99,46.67,47.9195,46.45
WRK,46.61,45.79,47.76,46.68,45.495,69,46.41,46.46,47.13,46.19
WRK,46.13,47.44,47.91,47.76,46.06,70,46.61,45.79,46.68,45.495
WRK,47.31,47.16,47.37,47.91,46.94,71,46.13,47.44,47.76,46.06
WRK,46.86,46.51,47.29,47.37,46.095,72,47.31,47.16,47.91,46.94
WRK,46.76,46.65,47.18,47.29,46.41,73,46.86,46.51,47.37,46.095
WRK,46.66,46.47,46.94,47.18,46.09,74,46.76,46.65,47.29,46.41
WRK,46.63,45.02,44.67,46.94,44.72,75,46.66,46.47,47.18,46.09
WRK,43.78,44.51,46.5,44.67,43.22,76,46.63,45.02,46.94,44.72
WRK,44.86,46.24,45.33,46.5,44.76,77,43.78,44.51,44.67,43.22
WRK,45.02,45.27,45.125,45.33,44.4,78,44.86,46.24,46.5,44.76
WRK,45.02,43.39,44.59,45.125,43.13,79,45.02,45.27,45.33,44.4
WRK,43.51,43.98,44.74,44.59,43.51,80,45.02,43.39,45.125,43.13
WRK,44.35,44.33,44.03,44.74,43.86,81,43.51,43.98,44.59,43.51
WRK,43.4,43.71,43.825,44.03,43.14,82,44.35,44.33,44.74,43.86
WRK,43.5,41.51,42.268,43.825,41.25,83,43.4,43.71,44.03,43.14
WRK,41.9,40.78,42.795,42.268,40.78,84,43.5,41.51,43.825,41.25
WRK,42.055,42.49,43.56,42.795,41.6,85,41.9,40.78,42.268,40.78
WRK,41.83,42.61,43.66,43.56,41.77,86,42.055,42.49,42.795,41.6
WRK,42.93,43.3,45.87,43.66,42.84,87,41.83,42.61,43.56,41.77
WRK,44.08,45.71,46.43,45.87,44.0,88,42.93,43.3,43.66,42.84
WRK,45.97,46.04,47.9,46.43,45.21,89,44.08,45.71,45.87,44.0
COF,155.74,154.87,157.76,157.59,154.25,1,153.15,153.46,155.49,152.3
COF,156.35,155.52,156.11,157.76,154.79,2,155.74,154.87,157.59,154.25
COF,154.85,155.42,158.47,156.11,153.2,3,156.35,155.52,157.76,154.79
COF,155.85,156.28,158.66,158.47,155.48,4,154.85,155.42,156.11,153.2
COF,156.23,157.15,157.33,158.66,155.91,5,155.85,156.28,158.47,155.48
COF,156.74,156.8,158.43,157.33,155.025,6,156.23,157.15,158.66,155.91
COF,157.05,156.36,156.5,158.43,155.835,7,156.74,156.8,157.33,155.025
COF,156.48,153.82,155.0,156.5,152.75,8,157.05,156.36,158.43,155.835
COF,153.78,151.95,153.94,155.0,151.87,9,156.48,153.82,156.5,152.75
COF,152.12,152.99,152.5499,153.94,150.465,10,153.78,151.95,155.0,151.87
COF,150.39,151.32,154.65,152.5499,148.52,11,152.12,152.99,153.94,150.465
COF,153.11,153.21,156.74,154.65,150.97,12,150.39,151.32,152.5499,148.52
COF,154.38,156.29,157.96,156.74,153.21,13,153.11,153.21,154.65,150.97
COF,155.18,155.86,150.54,157.96,155.06,14,154.38,156.29,156.74,153.21
COF,150.57,149.16,151.7293,150.54,144.37,15,155.18,155.86,157.96,155.06
COF,151.38,147.02,146.0,151.7293,145.7,16,150.57,149.16,150.54,144.37
COF,144.79,140.53,145.47,146.0,140.18,17,151.38,147.02,151.7293,145.7
COF,144.52,138.37,145.17,145.47,138.35,18,144.79,140.53,146.0,140.18
COF,139.9,143.36,143.75,145.17,139.0,19,144.52,138.37,145.47,138.35
COF,143.35,141.9,147.85,143.75,140.68,20,139.9,143.36,145.17,139.0
COF,144.61,145.94,151.11,147.85,143.93,21,143.35,141.9,143.75,140.68
COF,147.72,148.58,150.05,151.11,147.28,22,144.61,145.94,147.85,143.93
COF,149.0,148.81,150.71,150.05,148.01,23,147.72,148.58,151.11,147.28
COF,147.5,149.17,151.45,150.71,147.06,24,149.0,148.81,150.05,148.01
COF,150.35,150.41,149.47,151.45,148.495,25,147.5,149.17,150.71,147.06
COF,149.26,146.04,149.53,149.47,145.575,26,150.35,150.41,151.45,148.495
COF,145.91,147.92,148.655,149.53,145.51,27,149.26,146.04,149.47,145.575
COF,148.41,147.39,150.24,148.655,144.0,28,145.91,147.92,149.53,145.51
COF,149.26,148.02,147.35,150.24,147.355,29,148.41,147.39,148.655,144.0
COF,147.31,144.08,141.2,147.35,142.64,30,149.26,148.02,150.24,147.355
COF,140.71,138.35,143.745,141.2,136.5201,31,147.31,144.08,147.35,142.64
COF,140.41,143.51,144.53,143.745,140.11,32,140.71,138.35,141.2,136.5201
COF,143.09,143.73,146.72,144.53,142.13,33,140.41,143.51,143.745,140.11
COF,145.71,145.1,146.09,146.72,144.99,34,143.09,143.73,144.53,142.13
COF,145.43,145.89,147.88,146.09,143.59,35,145.71,145.1,146.72,144.99
COF,145.36,146.2,146.73,147.88,144.55,36,145.43,145.89,146.09,143.59
COF,146.01,145.59,147.3,146.73,145.21,37,145.36,146.2,147.88,144.55
COF,145.82,145.49,146.73,147.3,145.34,38,146.01,145.59,146.73,145.21
COF,145.79,145.09,149.35,146.73,144.98,39,145.82,145.49,147.3,145.34
COF,146.49,148.34,152.36,149.35,145.94,40,145.79,145.09,146.73,144.98
COF,150.17,151.15,153.0,152.36,149.76,41,146.49,148.34,149.35,145.94
COF,152.24,148.26,151.29,153.0,148.19,42,150.17,151.15,152.36,149.76
COF,149.35,150.73,155.63,151.29,146.2,43,152.24,148.26,153.0,148.19
COF,150.66,154.69,157.86,155.63,149.985,44,149.35,150.73,151.29,146.2
COF,157.0,157.15,158.857,157.86,154.1,45,150.66,154.69,155.63,149.985
COF,157.53,158.51,161.03,158.857,155.905,46,157.0,157.15,157.86,154.1
COF,159.53,158.79,162.3,161.03,158.46,47,157.53,158.51,158.857,155.905
COF,160.49,161.37,160.63,162.3,159.56,48,159.53,158.79,161.03,158.46
COF,156.94,160.56,162.4,160.63,154.5201,49,160.49,161.37,162.3,159.56
COF,160.97,157.08,158.1,162.4,155.8,50,156.94,160.56,160.63,154.5201
COF,157.6,151.61,154.54,158.1,151.57,51,160.97,157.08,162.4,155.8
COF,151.98,150.27,149.45,154.54,149.83,52,157.6,151.61,158.1,151.57
COF,149.92,146.52,148.65,149.45,145.325,53,151.98,150.27,154.54,149.83
COF,142.86,148.3,154.51,148.65,140.68,54,149.92,146.52,149.45,145.325
COF,146.69,152.16,149.95,154.51,144.5877,55,142.86,148.3,148.65,140.68
COF,143.72,144.9,148.6,149.95,142.13,56,146.69,152.16,154.51,144.5877
COF,146.99,141.68,142.72,148.6,140.82,57,143.72,144.9,149.95,142.13
COF,140.85,142.62,147.01,142.72,138.6,58,146.99,141.68,148.6,140.82
COF,140.68,146.73,150.86,147.01,140.41,59,140.85,142.62,142.72,138.6
COF,146.71,150.49,150.54,150.86,145.975,60,140.68,146.73,147.01,140.41
COF,150.34,149.62,151.11,150.54,146.93,61,146.71,150.49,150.86,145.975
COF,149.05,148.29,151.88,151.11,147.9,62,150.34,149.62,150.54,146.93
COF,149.17,150.35,153.48,151.88,148.57,63,149.05,148.29,151.11,147.9
COF,150.59,152.17,156.3134,153.48,150.32,64,149.17,150.35,151.88,148.57
COF,153.55,155.98,159.92,156.3134,152.64,65,150.59,152.17,153.48,150.32
COF,156.91,158.84,160.5,159.92,156.78,66,153.55,155.98,156.3134,152.64
COF,158.22,157.51,160.36,160.5,156.78,67,156.91,158.84,159.92,156.78
COF,156.315,156.0,158.09,160.36,154.73,68,158.22,157.51,160.5,156.78
COF,156.64,155.14,159.63,158.09,154.35,69,156.315,156.0,160.36,154.73
COF,156.97,158.89,160.54,159.63,156.37,70,156.64,155.14,158.09,154.35
COF,157.98,158.86,157.815,160.54,157.09,71,156.97,158.89,159.63,156.37
COF,157.09,154.36,157.276,157.815,153.1,72,157.98,158.86,160.54,157.09
COF,153.88,153.96,155.09,157.276,153.3,73,157.09,154.36,157.815,153.1
COF,153.92,152.93,154.65,155.09,151.18,74,153.88,153.96,157.276,153.3
COF,153.23,149.47,148.14,154.65,148.8,75,153.92,152.93,155.09,151.18
COF,143.01,147.77,154.33,148.14,141.03,76,153.23,149.47,154.65,148.8
COF,148.86,153.59,153.51,154.33,148.53,77,143.01,147.77,148.14,141.03
COF,149.25,153.27,152.49,153.51,147.8877,78,148.86,153.59,154.33,148.53
COF,151.78,140.68,143.84,152.49,140.15,79,149.25,153.27,153.51,147.8877
COF,142.41,141.2,142.66,143.84,139.11,80,151.78,140.68,152.49,140.15
COF,141.69,138.52,135.17,142.66,136.01,81,142.41,141.2,143.84,139.11
COF,134.665,134.12,132.81,135.17,131.02,82,141.69,138.52,142.66,136.01
COF,131.52,124.8,130.745,132.81,124.7,83,134.665,134.12,135.17,131.02
COF,126.14,126.08,135.01,130.745,122.43,84,131.52,124.8,132.81,124.7
COF,131.45,131.91,132.1,135.01,130.98,85,126.14,126.08,130.745,122.43
COF,129.62,130.26,133.11,132.1,127.08,86,131.45,131.91,135.01,130.98
COF,131.23,130.09,136.34,133.11,129.67,87,129.62,130.26,132.1,127.08
COF,133.0,133.67,136.795,136.34,132.4,88,131.23,130.09,133.11,129.67
COF,134.02,134.27,141.2,136.795,132.855,89,133.0,133.67,136.34,132.4
BJ,61.84,61.98,62.6,62.6,60.85,1,61.17,61.54,61.99,60.73
BJ,62.13,61.33,63.1,62.6,60.88,2,61.84,61.98,62.6,60.85
BJ,61.83,62.56,63.29,63.1,61.58,3,62.13,61.33,62.6,60.88
BJ,62.99,61.75,62.17,63.29,61.29,4,61.83,62.56,63.1,61.58
BJ,62.12,61.19,63.66,62.17,61.12,5,62.99,61.75,63.29,61.29
BJ,62.03,62.4,62.99,63.66,61.01,6,62.12,61.19,62.17,61.12
BJ,62.94,62.42,62.405,62.99,61.86,7,62.03,62.4,63.66,61.01
BJ,62.26,61.57,61.34,62.405,60.15,8,62.94,62.42,62.99,61.86
BJ,61.15,59.97,73.49,61.34,59.69,9,62.26,61.57,62.405,60.15
BJ,64.25,71.93,74.0899,73.49,63.3,10,61.15,59.97,61.34,59.69
BJ,72.13,69.61,71.4,74.0899,69.51,11,64.25,71.93,73.49,63.3
BJ,70.16,70.35,70.44,71.4,69.52,12,72.13,69.61,74.0899,69.51
BJ,70.08,69.42,70.14,70.44,68.71,13,70.16,70.35,71.4,69.52
BJ,69.6,67.71,68.76,70.14,67.331,14,70.08,69.42,70.44,68.71
BJ,67.38,66.34,67.719,68.76,66.13,15,69.6,67.71,70.14,67.331
BJ,66.58,65.9,66.75,67.719,65.56,16,67.38,66.34,68.76,66.13
BJ,65.34,66.15,67.2748,66.75,64.93,17,66.58,65.9,67.719,65.56
BJ,66.85,63.27,64.83,67.2748,63.26,18,65.34,66.15,66.75,64.93
BJ,63.5,64.38,66.26,64.83,63.48,19,66.85,63.27,67.2748,63.26
BJ,64.55,65.03,68.655,66.26,63.84,20,63.5,64.38,64.83,63.48
BJ,66.35,68.29,69.94,68.655,65.23,21,64.55,65.03,66.26,63.84
BJ,68.64,68.07,68.9121,69.94,67.46,22,66.35,68.29,68.655,65.23
BJ,68.47,66.0,67.1343,68.9121,65.5,23,68.64,68.07,69.94,67.46
BJ,65.95,65.6,67.78,67.1343,65.59,24,68.47,66.0,68.9121,65.5
BJ,65.41,67.41,68.41,67.78,65.32,25,65.95,65.6,67.1343,65.59
BJ,67.25,66.55,66.07,68.41,65.42,26,65.41,67.41,67.78,65.32
BJ,65.37,65.82,68.095,66.07,64.74,27,67.25,66.55,68.41,65.42
BJ,66.32,67.8,68.01,68.095,65.65,28,65.37,65.82,66.07,64.74
BJ,67.82,65.27,65.865,68.01,65.0,29,66.32,67.8,68.095,65.65
BJ,64.24,65.45,66.16,65.865,64.04,30,67.82,65.27,68.01,65.0
BJ,65.03,64.81,65.5,66.16,63.725,31,64.24,65.45,65.865,64.04
BJ,65.22,63.89,64.3,65.5,63.17,32,65.03,64.81,66.16,63.725
BJ,64.16,64.13,65.01,64.3,62.81,33,65.22,63.89,65.5,63.17
BJ,64.51,64.26,65.1,65.01,63.55,34,64.16,64.13,64.3,62.81
BJ,63.865,64.99,66.6506,65.1,63.41,35,64.51,64.26,65.01,63.55
BJ,65.4,66.32,67.925,66.6506,65.11,36,63.865,64.99,65.1,63.41
BJ,66.49,67.27,68.01,67.925,66.26,37,65.4,66.32,66.6506,65.11
BJ,67.98,66.62,67.23,68.01,66.51,38,66.49,67.27,67.925,66.26
BJ,66.95,66.97,66.58,67.23,66.06,39,67.98,66.62,68.01,66.51
BJ,66.32,65.69,66.49,66.58,64.81,40,66.95,66.97,67.23,66.06
BJ,65.99,65.51,66.06,66.49,64.4,41,66.32,65.69,66.58,64.81
BJ,65.73,63.64,65.34,66.06,63.56,42,65.99,65.51,66.49,64.4
BJ,63.97,64.85,66.03,65.34,63.13,43,65.73,63.64,66.06,63.56
BJ,64.9,65.69,66.44,66.03,64.5,44,63.97,64.85,65.34,63.13
BJ,65.75,66.25,66.44,66.44,64.02,45,64.9,65.69,66.03,64.5
BJ,66.24,64.35,64.9,66.44,63.49,46,65.75,66.25,66.44,64.02
BJ,64.0,64.6,65.91,64.9,63.55,47,66.24,64.35,66.44,63.49
BJ,65.23,64.88,61.55,65.91,64.47,48,64.0,64.6,64.9,63.55
BJ,60.06,60.83,60.55,61.55,58.59,49,65.23,64.88,65.91,64.47
BJ,59.95,59.99,60.46,60.55,59.31,50,60.06,60.83,61.55,58.59
BJ,59.94,59.4,61.17,60.46,59.001,51,59.95,59.99,60.55,59.31
BJ,59.5,59.32,61.6493,61.17,59.26,52,59.94,59.4,60.46,59.001
BJ,59.325,60.52,63.38,61.6493,59.275,53,59.5,59.32,61.17,59.26
BJ,60.04,62.89,62.19,63.38,59.78,54,59.325,60.52,61.6493,59.275
BJ,61.7,60.87,61.51,62.19,59.97,55,60.04,62.89,63.38,59.78
BJ,61.23,58.7,60.28,61.51,57.92,56,61.7,60.87,62.19,59.97
BJ,59.09,57.2,57.98,60.28,56.81,57,61.23,58.7,61.51,57.92
BJ,56.76,57.93,61.52,57.98,55.36,58,59.09,57.2,60.28,56.81
BJ,58.1,61.47,62.29,61.52,57.6,59,56.76,57.93,57.98,55.36
BJ,61.83,61.66,62.03,62.29,60.21,60,58.1,61.47,61.52,57.6
BJ,61.71,60.93,62.1038,62.03,60.31,61,61.83,61.66,62.29,60.21
BJ,60.87,60.91,63.2,62.1038,60.55,62,61.71,60.93,62.03,60.31
BJ,63.08,59.85,61.0,63.2,59.05,63,60.87,60.91,62.1038,60.55
BJ,60.16,59.98,62.75,61.0,59.5948,64,63.08,59.85,63.2,59.05
BJ,59.99,62.56,63.85,62.75,59.83,65,60.16,59.98,61.0,59.5948
BJ,63.3,63.4,63.485,63.85,62.56,66,59.99,62.56,62.75,59.83
BJ,62.22,62.16,64.295,63.485,61.92,67,63.3,63.4,63.85,62.56
BJ,62.64,63.77,64.37,64.295,62.585,68,62.22,62.16,63.485,61.92
BJ,63.96,64.32,65.73,64.37,63.24,69,62.64,63.77,64.295,62.585
BJ,64.38,64.89,64.65,65.73,63.94,70,63.96,64.32,64.37,63.24
BJ,64.37,64.55,66.28,64.65,63.385,71,64.38,64.89,65.73,63.94
BJ,64.18,65.93,66.322,66.28,64.22,72,64.37,64.55,64.65,63.385
BJ,65.45,65.84,66.18,66.322,64.85,73,64.18,65.93,66.28,64.22
BJ,65.18,62.8,63.7,66.18,62.25,74,65.45,65.84,66.322,64.85
BJ,62.98,61.38,62.58,63.7,61.21,75,65.18,62.8,66.18,62.25
BJ,60.46,62.32,64.26,62.58,60.0705,76,62.98,61.38,63.7,61.21
BJ,62.68,64.02,63.25,64.26,61.8,77,60.46,62.32,62.58,60.0705
BJ,63.05,62.87,64.99,63.25,61.445,78,62.68,64.02,64.26,61.8
BJ,63.36,63.38,65.925,64.99,62.82,79,63.05,62.87,63.25,61.445
BJ,62.92,65.88,59.35,65.925,62.61,80,63.36,63.38,64.99,62.82
BJ,56.12,57.17,57.09,59.35,55.17,81,62.92,65.88,65.925,62.61
BJ,55.91,56.54,58.66,57.09,54.22,82,56.12,57.17,59.35,55.17
BJ,56.11,57.8,60.95,58.66,56.02,83,55.91,56.54,57.09,54.22
BJ,58.2,59.6,61.7,60.95,57.54,84,56.11,57.8,58.66,56.02
BJ,60.2,60.77,60.58,61.7,59.07,85,58.2,59.6,60.95,57.54
BJ,59.69,60.23,61.76,60.58,58.55,86,60.2,60.77,61.7,59.07
BJ,60.55,61.02,63.49,61.76,60.265,87,59.69,60.23,60.58,58.55
BJ,61.38,63.42,63.77,63.49,61.0,88,60.55,61.02,61.76,60.265
BJ,63.7,63.46,65.07,63.77,61.59,89,61.38,63.42,63.49,61.0
REG,75.0,75.95,76.18,78.065,75.0,1,74.55,74.01,75.14,73.6
REG,75.7,73.46,73.94,76.18,73.06,2,75.0,75.95,78.065,75.0
REG,73.35,73.7,74.62,73.94,73.08,3,75.7,73.46,76.18,73.06
REG,73.9,74.36,75.23,74.62,73.61,4,73.35,73.7,73.94,73.08
REG,74.31,75.16,75.365,75.23,73.69,5,73.9,74.36,74.62,73.61
REG,75.35,74.65,75.06,75.365,74.33,6,74.31,75.16,75.23,73.69
REG,74.65,75.03,75.385,75.06,74.22,7,75.35,74.65,75.365,74.33
REG,75.14,74.39,74.79,75.385,73.87,8,74.65,75.03,75.06,74.22
REG,73.93,74.69,75.31,74.79,72.86,9,75.14,74.39,75.385,73.87
REG,74.28,74.76,74.17,75.31,74.29,10,73.93,74.69,74.79,72.86
REG,73.58,73.8,74.45,74.17,72.99,11,74.28,74.76,75.31,74.29
REG,74.2,73.77,74.37,74.45,73.525,12,73.58,73.8,74.17,72.99
REG,73.75,73.86,74.69,74.37,73.43,13,74.2,73.77,74.45,73.525
REG,73.24,74.35,72.85,74.69,72.98,14,73.75,73.86,74.37,73.43
REG,72.78,71.26,71.68,72.85,69.94,15,73.24,74.35,74.69,72.98
REG,71.56,70.76,70.6,71.68,70.14,16,72.78,71.26,72.85,69.94
REG,70.4,69.34,72.16,70.6,68.79,17,71.56,70.76,71.68,70.14
REG,71.15,68.68,72.33,72.16,68.63,18,70.4,69.34,70.6,68.79
REG,69.2,71.89,72.11,72.33,68.81,19,71.15,68.68,72.16,68.63
REG,71.94,71.77,74.225,72.11,70.95,20,69.2,71.89,72.33,68.81
REG,72.68,73.12,74.6,74.225,72.66,21,71.94,71.77,72.11,70.95
REG,73.53,74.13,74.88,74.6,73.35,22,72.68,73.12,74.225,72.66
REG,74.13,74.32,73.73,74.88,73.88,23,73.53,74.13,74.6,73.35
REG,73.58,73.12,74.22,73.73,72.69,24,74.13,74.32,74.88,73.88
REG,73.8,73.27,73.53,74.22,72.51,25,73.58,73.12,73.73,72.69
REG,73.06,72.88,73.16,73.53,71.77,26,73.8,73.27,74.22,72.51
REG,72.79,71.86,71.87,73.16,71.62,27,73.06,72.88,73.53,71.77
REG,71.72,71.82,72.98,71.87,70.13,28,72.79,71.86,73.16,71.62
REG,72.17,71.65,72.52,72.98,71.23,29,71.72,71.82,71.87,70.13
REG,71.85,71.55,70.63,72.52,71.005,30,72.17,71.65,72.98,71.23
REG,69.45,70.07,72.99,70.63,68.83,31,71.85,71.55,72.52,71.005
REG,70.54,72.93,73.57,72.99,70.5,32,69.45,70.07,70.63,68.83
REG,73.0,72.94,73.9,73.57,72.85,33,70.54,72.93,72.99,70.5
REG,73.33,72.86,73.58,73.9,72.44,34,73.0,72.94,73.57,72.85
REG,72.67,73.55,74.187,73.58,72.41,35,73.33,72.86,73.9,72.44
REG,73.51,73.86,74.445,74.187,73.27,36,72.67,73.55,73.58,72.41
REG,73.99,74.29,75.45,74.445,73.3,37,73.51,73.86,74.187,73.27
REG,74.52,74.79,75.88,75.45,73.9,38,73.99,74.29,74.445,73.3
REG,75.0,75.35,77.2,75.88,74.79,39,74.52,74.79,75.45,73.9
REG,76.22,76.12,78.78,77.2,75.275,40,75.0,75.35,75.88,74.79
REG,76.98,77.86,78.45,78.78,76.28,41,76.22,76.12,77.2,75.275
REG,78.18,76.23,77.26,78.45,76.07,42,76.98,77.86,78.78,76.28
REG,76.36,76.44,76.56,77.26,75.85,43,78.18,76.23,78.45,76.07
REG,76.41,75.74,76.39,76.56,75.6,44,76.36,76.44,77.26,75.85
REG,75.5,76.28,76.45,76.39,74.85,45,76.41,75.74,76.56,75.6
REG,76.32,76.39,76.715,76.45,74.34,46,75.5,76.28,76.39,74.85
REG,76.42,76.44,78.33,76.715,75.55,47,76.32,76.39,76.45,74.34
REG,76.73,77.04,76.83,78.33,76.67,48,76.42,76.44,76.715,75.55
REG,76.5,75.8,75.8664,76.83,75.09,49,76.73,77.04,78.33,76.67
REG,75.05,74.8,75.49,75.8664,74.37,50,76.5,75.8,76.83,75.09
REG,75.04,72.92,73.44,75.49,72.761,51,75.05,74.8,75.8664,74.37
REG,72.98,70.56,71.0,73.44,70.381,52,75.04,72.92,75.49,72.761
REG,70.33,69.99,71.3,71.0,69.77,53,72.98,70.56,73.44,70.381
REG,69.09,70.89,71.34,71.3,67.62,54,70.33,69.99,71.0,69.77
REG,70.18,70.73,72.54,71.34,68.92,55,69.09,70.89,71.3,67.62
REG,70.99,70.43,71.91,72.54,69.7635,56,70.18,70.73,71.34,68.92
REG,70.86,69.77,71.24,71.91,69.27,57,70.99,70.43,72.54,69.7635
REG,69.41,71.19,71.82,71.24,68.15,58,70.86,69.77,71.91,69.27
REG,70.26,71.75,71.99,71.82,69.83,59,69.41,71.19,71.24,68.15
REG,71.28,71.68,72.375,71.99,70.655,60,70.26,71.75,71.82,69.83
REG,71.95,71.83,72.26,72.375,71.59,61,71.28,71.68,71.99,70.655
REG,71.59,71.13,71.1,72.26,71.1,62,71.95,71.83,72.375,71.59
REG,70.58,70.25,70.55,71.1,69.36,63,71.59,71.13,72.26,71.1
REG,70.55,69.91,71.37,70.55,69.68,64,70.58,70.25,71.1,69.36
REG,69.96,70.47,72.3,71.37,69.85,65,70.55,69.91,70.55,69.68
REG,71.46,72.26,72.36,72.3,71.07,66,69.96,70.47,71.37,69.85
REG,71.32,70.5,70.97,72.36,69.86,67,71.46,72.26,72.3,71.07
REG,70.5,66.83,67.18,70.97,66.2,68,71.32,70.5,72.36,69.86
REG,66.51,65.16,67.25,67.18,64.6,69,70.5,66.83,70.97,66.2
REG,65.65,66.16,67.4,67.25,65.38,70,66.51,65.16,67.18,64.6
REG,66.63,67.27,67.65,67.4,66.11,71,65.65,66.16,67.25,65.38
REG,67.1,66.72,67.58,67.65,66.38,72,66.63,67.27,67.4,66.11
REG,66.42,66.5,67.44,67.58,66.085,73,67.1,66.72,67.65,66.38
REG,66.38,66.64,68.09,67.44,65.78,74,66.42,66.5,67.58,66.085
REG,67.16,65.23,66.04,68.09,65.12,75,66.38,66.64,67.44,65.78
REG,63.8,65.9,67.37,66.04,63.11,76,67.16,65.23,68.09,65.12
REG,66.54,67.25,67.108,67.37,65.94,77,63.8,65.9,66.04,63.11
REG,66.56,65.89,66.12,67.108,65.31,78,66.54,67.25,67.37,65.94
REG,65.87,64.85,67.1,66.12,64.11,79,66.56,65.89,67.108,65.31
REG,65.46,66.66,67.95,67.1,65.01,80,65.87,64.85,66.12,64.11
REG,67.26,67.63,67.81,67.95,66.76,81,65.46,66.66,67.1,65.01
REG,66.88,67.78,67.635,67.81,66.365,82,67.26,67.63,67.95,66.76
REG,66.62,65.95,68.27,67.635,65.93,83,66.88,67.78,67.81,66.365
REG,65.96,67.74,69.98,68.27,65.362,84,66.62,65.95,67.635,65.93
REG,68.83,68.38,68.085,69.98,68.34,85,65.96,67.74,68.27,65.362
REG,66.74,67.83,68.49,68.085,66.87,86,68.83,68.38,69.98,68.34
REG,68.32,66.84,67.32,68.49,66.62,87,66.74,67.83,68.085,66.87
REG,66.99,65.21,66.73,67.32,64.96,88,68.32,66.84,68.49,66.62
REG,65.8,66.36,67.49,66.73,65.53,89,66.99,65.21,67.32,64.96
SPWH,17.34,17.3,17.31,17.35,17.15,1,17.3,17.28,17.43,17.25
SPWH,17.29,17.29,17.34,17.31,17.17,2,17.34,17.3,17.35,17.15
SPWH,17.3,17.32,17.43,17.34,17.21,3,17.29,17.29,17.31,17.17
SPWH,17.4,17.31,17.37,17.43,17.22,4,17.3,17.32,17.34,17.21
SPWH,17.31,17.31,17.42,17.37,17.2,5,17.4,17.31,17.43,17.22
SPWH,17.32,17.41,17.53,17.42,17.28,6,17.31,17.31,17.37,17.2
SPWH,17.53,17.39,17.53,17.53,17.33,7,17.32,17.41,17.42,17.28
SPWH,17.41,17.53,17.54,17.53,17.3,8,17.53,17.39,17.53,17.33
SPWH,17.47,17.52,17.7,17.54,17.42,9,17.41,17.53,17.53,17.3
SPWH,17.59,17.68,17.64,17.7,17.55,10,17.47,17.52,17.54,17.42
SPWH,17.62,17.44,17.52,17.64,17.43,11,17.59,17.68,17.7,17.55
SPWH,17.5,17.39,17.46,17.52,17.39,12,17.62,17.44,17.64,17.43
SPWH,17.46,17.27,17.2801,17.46,17.21,13,17.5,17.39,17.52,17.39
SPWH,17.26,17.26,17.32,17.2801,17.2,14,17.46,17.27,17.46,17.21
SPWH,17.26,17.2,17.37,17.32,17.2,15,17.26,17.26,17.2801,17.2
SPWH,17.25,17.14,17.15,17.37,17.04,16,17.26,17.2,17.32,17.2
SPWH,17.14,17.03,17.24,17.15,16.98,17,17.25,17.14,17.37,17.04
SPWH,17.11,16.83,16.98,17.24,16.83,18,17.14,17.03,17.15,16.98
SPWH,16.85,16.94,15.5,16.98,16.81,19,17.11,16.83,17.24,16.83
SPWH,15.37,13.61,13.75,15.5,13.5,20,16.85,16.94,16.98,16.81
SPWH,13.74,12.95,13.16,13.75,12.91,21,15.37,13.61,15.5,13.5
SPWH,13.0,12.82,13.37,13.16,12.81,22,13.74,12.95,13.75,12.91
SPWH,12.97,13.13,12.77,13.37,12.435,23,13.0,12.82,13.16,12.81
SPWH,12.54,12.0,12.335,12.77,11.955,24,12.97,13.13,13.37,12.435
SPWH,12.1,11.93,12.21,12.335,11.68,25,12.54,12.0,12.77,11.955
SPWH,11.96,11.54,11.5,12.21,11.485,26,12.1,11.93,12.335,11.68
SPWH,11.46,11.1,11.295,11.5,11.055,27,11.96,11.54,12.21,11.485
SPWH,11.1,11.19,11.93,11.295,10.81,28,11.46,11.1,11.5,11.055
SPWH,11.29,11.78,11.79,11.93,11.08,29,11.1,11.19,11.295,10.81
SPWH,11.75,11.06,11.06,11.79,11.015,30,11.29,11.78,11.93,11.08
SPWH,11.05,10.78,11.34,11.06,10.49,31,11.75,11.06,11.79,11.015
SPWH,10.99,11.23,11.515,11.34,10.8,32,11.05,10.78,11.06,10.49
SPWH,11.3,11.49,11.68,11.515,11.15,33,10.99,11.23,11.34,10.8
SPWH,11.52,11.49,11.7599,11.68,11.29,34,11.3,11.49,11.515,11.15
SPWH,11.51,11.52,11.53,11.7599,11.38,35,11.52,11.49,11.68,11.29
SPWH,11.44,11.37,11.51,11.53,11.35,36,11.51,11.52,11.7599,11.38
SPWH,11.4,11.38,12.005,11.51,11.34,37,11.44,11.37,11.53,11.35
SPWH,11.45,11.91,11.97,12.005,11.4,38,11.4,11.38,11.51,11.34
SPWH,11.95,11.8,12.17,11.97,11.75,39,11.45,11.91,12.005,11.4
SPWH,12.01,11.9,12.06,12.17,11.82,40,11.95,11.8,11.97,11.75
SPWH,11.9,11.58,12.23,12.06,11.57,41,12.01,11.9,12.17,11.82
SPWH,11.58,11.68,12.145,12.23,11.47,42,11.9,11.58,12.06,11.57
SPWH,11.68,11.9,12.06,12.145,11.66,43,11.58,11.68,12.23,11.47
SPWH,11.96,12.02,12.05,12.06,11.47,44,11.68,11.9,12.145,11.66
SPWH,12.02,11.45,11.555,12.05,11.145,45,11.96,12.02,12.06,11.47
SPWH,11.4,11.3,11.65,11.555,11.19,46,12.02,11.45,12.05,11.145
SPWH,11.5,11.34,11.5,11.65,11.29,47,11.4,11.3,11.555,11.19
SPWH,11.37,11.08,11.12,11.5,11.05,48,11.5,11.34,11.65,11.29
SPWH,11.05,10.56,10.8399,11.12,10.48,49,11.37,11.08,11.5,11.05
SPWH,10.79,9.98,10.5,10.8399,9.725,50,11.05,10.56,11.12,10.48
SPWH,10.07,10.4,11.03,10.5,9.84,51,10.79,9.98,10.8399,9.725
SPWH,10.48,10.38,10.8,11.03,10.35,52,10.07,10.4,10.5,9.84
SPWH,10.21,10.72,11.06,10.8,10.02,53,10.48,10.38,11.03,10.35
SPWH,10.505,11.03,11.09,11.06,9.975,54,10.21,10.72,10.8,10.02
SPWH,10.99,10.65,11.0,11.09,10.58,55,10.505,11.03,11.06,9.975
SPWH,10.85,10.2,10.41,11.0,10.14,56,10.99,10.65,11.09,10.58
SPWH,10.33,10.15,10.65,10.41,10.085,57,10.85,10.2,11.0,10.14
SPWH,10.25,10.64,10.975,10.65,10.03,58,10.33,10.15,10.41,10.085
SPWH,10.62,10.96,11.1,10.975,10.5,59,10.25,10.64,10.65,10.03
SPWH,11.09,11.02,11.09,11.1,10.68,60,10.62,10.96,10.975,10.5
SPWH,11.04,10.88,10.99,11.09,10.73,61,11.09,11.02,11.1,10.68
SPWH,10.83,10.8,10.95,10.99,10.695,62,11.04,10.88,11.09,10.73
SPWH,10.84,10.9,11.415,10.95,10.51,63,10.83,10.8,10.99,10.695
SPWH,11.01,11.35,11.69,11.415,10.935,64,10.84,10.9,10.95,10.51
SPWH,11.41,11.64,11.85,11.69,11.35,65,11.01,11.35,11.415,10.935
SPWH,11.65,11.85,11.81,11.85,11.57,66,11.41,11.64,11.69,11.35
SPWH,11.71,11.69,11.825,11.81,11.57,67,11.65,11.85,11.85,11.57
SPWH,11.69,11.68,11.81,11.825,11.535,68,11.71,11.69,11.81,11.57
SPWH,11.54,11.32,11.785,11.81,11.29,69,11.69,11.68,11.825,11.535
SPWH,11.39,11.63,11.57,11.785,11.36,70,11.54,11.32,11.81,11.29
SPWH,11.51,11.18,11.2997,11.57,11.06,71,11.39,11.63,11.785,11.36
SPWH,11.21,11.11,11.12,11.2997,11.075,72,11.51,11.18,11.57,11.06
SPWH,10.96,10.76,10.73,11.12,10.71,73,11.21,11.11,11.2997,11.075
SPWH,10.6,10.36,10.66,10.73,10.31,74,10.96,10.76,11.12,10.71
SPWH,10.45,10.37,11.005,10.66,10.37,75,10.6,10.36,10.73,10.31
SPWH,10.17,10.98,11.09,11.005,10.17,76,10.45,10.37,10.66,10.37
SPWH,11.0,11.06,11.44,11.09,10.73,77,10.17,10.98,11.005,10.17
SPWH,11.06,11.41,11.65,11.44,10.8751,78,11.0,11.06,11.09,10.73
SPWH,11.5,11.44,11.91,11.65,11.285,79,11.06,11.41,11.44,10.8751
SPWH,11.45,11.78,11.91,11.91,11.42,80,11.5,11.44,11.65,11.285
SPWH,11.78,11.7,11.77,11.91,11.62,81,11.45,11.78,11.91,11.42
SPWH,11.575,11.39,11.48,11.77,11.04,82,11.78,11.7,11.91,11.62
SPWH,11.27,10.96,11.28,11.48,10.88,83,11.575,11.39,11.77,11.04
SPWH,10.96,10.86,11.42,11.28,10.84,84,11.27,10.96,11.48,10.88
SPWH,11.07,11.35,11.44,11.42,11.06,85,10.96,10.86,11.28,10.84
SPWH,11.21,11.23,11.46,11.44,10.965,86,11.07,11.35,11.42,11.06
SPWH,11.22,10.96,11.41,11.46,10.87,87,11.21,11.23,11.44,10.965
SPWH,11.01,11.07,11.31,11.41,10.78,88,11.22,10.96,11.46,10.87
SPWH,11.18,11.29,11.81,11.31,11.03,89,11.01,11.07,11.41,10.78
LITE,89.6,93.34,93.94,93.43,89.3,1,86.5,88.34,89.42,85.5
LITE,93.29,91.16,92.77,93.94,90.61,2,89.6,93.34,93.43,89.3
LITE,91.33,92.26,93.0,92.77,90.36,3,93.29,91.16,93.94,90.61
LITE,90.79,91.33,92.64,93.0,90.58,4,91.33,92.26,92.77,90.36
LITE,91.48,91.16,92.48,92.64,91.1,5,90.79,91.33,93.0,90.58
LITE,91.11,91.8,92.19,92.48,90.91,6,91.48,91.16,92.64,91.1
LITE,92.0,90.06,90.46,92.19,89.3,7,91.11,91.8,92.48,90.91
LITE,89.45,89.94,91.7,90.46,88.038,8,92.0,90.06,92.19,89.3
LITE,88.8,91.47,91.51,91.7,88.65,9,89.45,89.94,90.46,88.038
LITE,90.915,90.07,91.25,91.51,89.37,10,88.8,91.47,91.7,88.65
LITE,89.96,91.19,93.32,91.25,89.6,11,90.915,90.07,91.51,89.37
LITE,91.5,89.98,90.44,93.32,89.9,12,89.96,91.19,91.25,89.6
LITE,89.64,90.36,89.6,90.44,87.4573,13,91.5,89.98,93.32,89.9
LITE,89.49,89.21,88.335,89.6,87.53,14,89.64,90.36,90.44,87.4573
LITE,88.0,86.82,87.99,88.335,86.5,15,89.49,89.21,89.6,87.53
LITE,88.0,87.29,87.24,87.99,85.865,16,88.0,86.82,88.335,86.5
LITE,86.16,86.77,89.805,87.24,84.67,17,88.0,87.29,87.99,85.865
LITE,87.99,85.51,86.55,89.805,85.43,18,86.16,86.77,87.24,84.67
LITE,85.0,85.32,86.81,86.55,84.1869,19,87.99,85.51,89.805,85.43
LITE,86.31,85.9,88.76,86.81,85.0,20,85.0,85.32,86.55,84.1869
LITE,86.94,87.08,91.34,88.76,86.49,21,86.31,85.9,86.81,85.0
LITE,88.42,90.58,93.84,91.34,88.095,22,86.94,87.08,88.76,86.49
LITE,89.88,93.41,98.24,93.84,89.32,23,88.42,90.58,91.34,88.095
LITE,94.0,96.97,100.97,98.24,93.8263,24,89.88,93.41,93.84,89.32
LITE,96.95,100.6,102.17,100.97,96.75,25,94.0,96.97,98.24,93.8263
LITE,100.47,99.46,103.45,102.17,99.08,26,96.95,100.6,100.97,96.75
LITE,99.0,102.59,104.575,103.45,98.75,27,100.47,99.46,102.17,99.08
LITE,102.5,104.3,105.42,104.575,101.9,28,99.0,102.59,103.45,98.75
LITE,104.0,102.76,105.28,105.42,101.94,29,102.5,104.3,104.575,101.9
LITE,102.05,104.19,104.815,105.28,101.42,30,104.0,102.76,105.42,101.94
LITE,103.0,103.7,104.78,104.815,101.92,31,102.05,104.19,105.28,101.42
LITE,103.7,103.8,104.69,104.78,102.61,32,103.0,103.7,104.815,101.92
LITE,103.33,104.5,105.83,104.69,102.54,33,103.7,103.8,104.78,102.61
LITE,104.77,104.49,107.195,105.83,103.81,34,103.33,104.5,104.69,102.54
LITE,104.49,106.99,106.87,107.195,104.3,35,104.77,104.49,105.83,103.81
LITE,106.68,106.19,107.47,106.87,104.82,36,104.49,106.99,107.195,104.3
LITE,106.53,106.89,107.9,107.47,106.25,37,106.68,106.19,106.87,104.82
LITE,106.72,106.35,107.1,107.9,106.22,38,106.53,106.89,107.47,106.25
LITE,106.98,105.77,107.13,107.1,105.46,39,106.72,106.35,107.9,106.22
LITE,105.77,107.13,108.9,107.13,105.02,40,106.98,105.77,107.1,105.46
LITE,107.5,107.05,107.96,108.9,106.0125,41,105.77,107.13,107.13,105.02
LITE,106.32,105.02,105.85,107.96,104.95,42,107.5,107.05,108.9,106.0125
LITE,104.1,104.72,105.96,105.85,103.135,43,106.32,105.02,107.96,104.95
LITE,105.0,105.3,106.25,105.96,103.14,44,104.1,104.72,105.85,103.135
LITE,104.5,106.09,108.58,106.25,102.78,45,105.0,105.3,105.96,103.14
LITE,105.93,107.61,108.44,108.58,105.1,46,104.5,106.09,106.25,102.78
LITE,108.05,107.43,108.84,108.44,105.3,47,105.93,107.61,108.58,105.1
LITE,108.1,105.32,106.655,108.84,104.85,48,108.05,107.43,108.44,105.3
LITE,105.12,106.36,106.11,106.655,104.0,49,108.1,105.32,108.84,104.85
LITE,105.58,104.02,104.02,106.11,102.8,50,105.12,106.36,106.655,104.0
LITE,103.39,99.44,101.765,104.02,99.35,51,105.58,104.02,106.11,102.8
LITE,100.97,98.98,99.92,101.765,98.89,52,103.39,99.44,104.02,99.35
LITE,98.37,97.49,98.72,99.92,97.35,53,100.97,98.98,101.765,98.89
LITE,96.0,98.52,97.06,98.72,94.095,54,98.37,97.49,99.92,97.35
LITE,96.98,95.48,99.865,97.06,94.0,55,96.0,98.52,98.72,94.095
LITE,98.97,97.83,100.23,99.865,96.69,56,96.98,95.48,97.06,94.0
LITE,99.42,97.25,97.41,100.23,96.35,57,98.97,97.83,99.865,96.69
LITE,97.0,97.37,101.5,97.41,94.79,58,99.42,97.25,100.23,96.35
LITE,97.56,101.48,101.2,101.5,97.005,59,97.0,97.37,97.41,94.79
LITE,100.78,100.38,101.27,101.2,99.51,60,97.56,101.48,101.5,97.005
LITE,100.03,100.95,93.78,101.27,97.86,61,100.78,100.38,101.2,99.51
LITE,90.53,86.37,91.33,93.78,85.1799,62,100.03,100.95,101.27,97.86
LITE,86.71,90.4,93.68,91.33,86.59,63,90.53,86.37,93.78,85.1799
LITE,90.47,92.77,96.2,93.68,90.39,64,86.71,90.4,91.33,86.59
LITE,92.5,95.37,98.5,96.2,92.35,65,90.47,92.77,93.68,90.39
LITE,96.28,97.82,99.92,98.5,95.85,66,92.5,95.37,96.2,92.35
LITE,96.53,96.88,98.44,99.92,95.0,67,96.28,97.82,98.5,95.85
LITE,96.88,94.31,96.145,98.44,94.31,68,96.53,96.88,99.92,95.0
LITE,94.63,93.36,97.49,96.145,93.13,69,96.88,94.31,98.44,94.31
LITE,94.96,97.15,101.61,97.49,94.34,70,94.63,93.36,96.145,93.13
LITE,96.41,101.58,102.2687,101.61,95.24,71,94.96,97.15,97.49,94.34
LITE,100.24,101.13,100.29,102.2687,99.8233,72,96.41,101.58,101.61,95.24
LITE,100.0,99.08,100.94,100.29,98.365,73,100.24,101.13,102.2687,99.8233
LITE,98.53,97.26,98.56,100.94,96.9,74,100.0,99.08,100.29,98.365
LITE,97.72,95.42,99.01,98.56,95.06,75,98.53,97.26,100.94,96.9
LITE,93.02,98.93,101.72,99.01,92.75,76,97.72,95.42,98.56,95.06
LITE,98.5,101.41,101.48,101.72,96.74,77,93.02,98.93,99.01,92.75
LITE,100.17,98.86,99.525,101.48,97.185,78,98.5,101.41,101.72,96.74
LITE,99.01,97.19,101.391,99.525,96.3113,79,100.17,98.86,101.48,97.185
LITE,98.41,101.28,105.05,101.391,97.6,80,99.01,97.19,99.525,96.3113
LITE,101.73,98.89,98.44,105.05,98.38,81,98.41,101.28,101.391,97.6
LITE,97.62,93.33,94.632,98.44,90.94,82,101.73,98.89,105.05,98.38
LITE,93.62,92.99,94.83,94.632,91.5,83,97.62,93.33,98.44,90.94
LITE,92.68,90.59,95.62,94.83,90.07,84,93.62,92.99,94.632,91.5
LITE,93.85,94.66,94.72,95.62,93.02,85,92.68,90.59,94.83,90.07
LITE,93.53,93.46,94.45,94.72,92.35,86,93.85,94.66,95.62,93.02
LITE,94.41,91.44,91.46,94.45,91.209,87,93.53,93.46,94.72,92.35
LITE,90.47,85.01,89.0,91.46,84.94,88,94.41,91.44,94.45,91.209
LITE,86.22,88.54,91.53,89.0,86.12,89,90.47,85.01,91.46,84.94
KL,41.64,42.2,42.74,42.28,41.34,1,42.28,41.42,43.0,41.28
KL,42.7,42.03,43.71,42.74,41.76,2,41.64,42.2,42.28,41.34
KL,42.05,43.66,45.36,43.71,41.76,3,42.7,42.03,42.74,41.76
KL,44.6,44.98,45.73,45.36,44.37,4,42.05,43.66,43.71,41.76
KL,45.68,44.97,45.8,45.73,44.59,5,44.6,44.98,45.36,44.37
KL,44.54,44.79,45.28,45.8,44.5,6,45.68,44.97,45.73,44.59
KL,44.81,45.16,45.55,45.28,44.4529,7,44.54,44.79,45.8,44.5
KL,45.24,44.37,45.4,45.55,44.35,8,44.81,45.16,45.28,44.4529
KL,44.65,44.96,45.0401,45.4,44.57,9,45.24,44.37,45.55,44.35
KL,44.74,43.92,43.95,45.0401,43.69,10,44.65,44.96,45.4,44.57
KL,43.6,42.77,42.4,43.95,42.7416,11,44.74,43.92,45.0401,43.69
KL,41.7,41.63,41.46,42.4,41.27,12,43.6,42.77,43.95,42.7416
KL,40.965,41.05,41.0589,41.46,40.58,13,41.7,41.63,42.4,41.27
KL,40.79,40.81,41.21,41.0589,40.43,14,40.965,41.05,41.46,40.58
KL,41.11,40.82,40.5,41.21,40.25,15,40.79,40.81,41.0589,40.43
KL,40.46,39.92,41.08,40.5,39.43,16,41.11,40.82,41.21,40.25
KL,40.16,39.55,40.24,41.08,39.45,17,40.46,39.92,40.5,39.43
KL,39.9,38.12,38.3,40.24,38.07,18,40.16,39.55,41.08,39.45
KL,38.16,37.99,38.45,38.3,37.3,19,39.9,38.12,40.24,38.07
KL,37.91,38.38,39.09,38.45,37.35,20,38.16,37.99,38.3,37.3
KL,38.43,38.96,39.7,39.09,38.13,21,37.91,38.38,38.45,37.35
KL,38.99,39.34,39.56,39.7,38.84,22,38.43,38.96,39.09,38.13
KL,39.29,39.48,39.09,39.56,38.78,23,38.99,39.34,39.7,38.84
KL,39.0,38.29,38.52,39.09,38.07,24,39.29,39.48,39.56,38.78
KL,38.42,37.85,38.84,38.52,37.76,25,39.0,38.29,39.09,38.07
KL,37.68,38.59,39.37,38.84,37.67,26,38.42,37.85,38.52,37.76
KL,38.02,38.98,38.96,39.37,37.94,27,37.68,38.59,38.84,37.67
KL,38.86,38.69,40.74,38.96,37.67,28,38.02,38.98,39.37,37.94
KL,39.33,40.48,41.24,40.74,39.26,29,38.86,38.69,38.96,37.67
KL,40.68,39.76,40.715,41.24,39.76,30,39.33,40.48,40.74,39.26
KL,39.57,40.54,41.33,40.715,39.54,31,40.68,39.76,41.24,39.76
KL,40.86,41.12,41.4699,41.33,40.0,32,39.57,40.54,40.715,39.54
KL,41.17,41.42,41.2,41.4699,40.69,33,40.86,41.12,41.33,40.0
KL,41.11,40.82,41.09,41.2,40.3,34,41.17,41.42,41.4699,40.69
KL,40.69,40.87,41.37,41.09,40.4104,35,41.11,40.82,41.2,40.3
KL,41.14,40.64,41.26,41.37,40.52,36,40.69,40.87,41.09,40.4104
KL,40.62,40.58,41.64,41.26,40.31,37,41.14,40.64,41.37,40.52
KL,40.71,41.54,42.0,41.64,40.5,38,40.62,40.58,41.26,40.31
KL,41.85,41.95,41.375,42.0,41.27,39,40.71,41.54,41.64,40.5
KL,41.21,40.97,42.14,41.375,40.63,40,41.85,41.95,42.0,41.27
KL,41.07,41.76,42.6,42.14,40.84,41,41.21,40.97,41.375,40.63
KL,42.18,41.08,40.58,42.6,40.9901,42,41.07,41.76,42.14,40.84
KL,40.37,39.5,39.93,40.58,39.33,43,42.18,41.08,42.6,40.9901
KL,39.7,39.49,40.64,39.93,38.9933,44,40.37,39.5,40.58,39.33
KL,39.27,40.6,40.83,40.64,39.09,45,39.7,39.49,39.93,38.9933
KL,40.6,40.79,41.495,40.83,40.1,46,39.27,40.6,40.64,39.09
KL,40.8,41.41,41.48,41.495,40.46,47,40.6,40.79,40.83,40.1
KL,41.22,40.78,40.91,41.48,40.71,48,40.8,41.41,41.495,40.46
KL,40.71,40.41,40.57,40.91,40.07,49,41.22,40.78,41.48,40.71
KL,40.3,39.64,42.97,40.57,39.585,50,40.71,40.41,40.91,40.07
KL,40.13,42.75,43.06,42.97,39.95,51,40.3,39.64,40.57,39.585
KL,42.96,41.29,41.59,43.06,41.28,52,40.13,42.75,42.97,39.95
KL,41.54,40.06,39.94,41.59,39.8217,53,42.96,41.29,43.06,41.28
KL,39.76,39.73,39.94,39.94,38.39,54,41.54,40.06,41.59,39.8217
KL,39.41,39.94,40.33,39.94,38.988,55,39.76,39.73,39.94,38.39
KL,39.5,38.31,38.5041,40.33,38.13,56,39.41,39.94,39.94,38.988
KL,37.86,36.85,36.71,38.5041,36.79,57,39.5,38.31,40.33,38.13
KL,36.575,36.49,37.78,36.71,35.8,58,37.86,36.85,38.5041,36.79
KL,36.83,37.67,38.28,37.78,36.69,59,36.575,36.49,36.71,35.8
KL,38.08,37.8,39.11,38.28,37.29,60,36.83,37.67,37.78,36.69
KL,37.95,38.58,38.71,39.11,37.54,61,38.08,37.8,38.28,37.29
KL,38.63,38.17,38.56,38.71,37.83,62,37.95,38.58,39.11,37.54
KL,37.62,38.21,39.28,38.56,37.58,63,38.63,38.17,38.71,37.83
KL,38.46,39.01,39.52,39.28,38.3,64,37.62,38.21,38.56,37.58
FLS,33.85,34.45,35.1,34.6,33.59,1,34.09,33.25,34.2,32.87
FLS,34.83,34.2,34.29,35.1,34.12,2,33.85,34.45,34.6,33.59
FLS,34.12,33.94,34.26,34.29,33.62,3,34.83,34.2,35.1,34.12
FLS,34.15,33.93,34.05,34.26,33.81,4,34.12,33.94,34.29,33.62
FLS,33.77,33.51,34.04,34.05,33.49,5,34.15,33.93,34.26,33.81
FLS,33.52,34.03,34.29,34.04,33.42,6,33.77,33.51,34.05,33.49
FLS,34.2,33.63,34.065,34.29,33.59,7,33.52,34.03,34.04,33.42
FLS,33.56,33.56,33.48,34.065,33.47,8,34.2,33.63,34.29,33.59
FLS,33.36,32.72,32.785,33.48,32.59,9,33.56,33.56,34.065,33.47
FLS,32.62,32.41,32.56,32.785,32.23,10,33.36,32.72,33.48,32.59
FLS,32.19,32.4,33.3,32.56,31.77,11,32.62,32.41,32.785,32.23
FLS,32.46,32.78,32.95,33.3,32.43,12,32.19,32.4,32.56,31.77
FLS,32.86,32.8,32.86,32.95,32.51,13,32.46,32.78,33.3,32.43
FLS,32.48,32.7,31.87,32.86,32.32,14,32.86,32.8,32.95,32.51
FLS,31.87,31.34,31.76,31.87,30.85,15,32.48,32.7,32.86,32.32
FLS,31.44,30.9,30.61,31.76,30.81,16,31.87,31.34,31.87,30.85
FLS,30.52,29.98,31.04,30.61,29.61,17,31.44,30.9,31.76,30.81
FLS,30.6,29.55,30.95,31.04,29.54,18,30.52,29.98,30.61,29.61
FLS,29.86,30.82,31.0,30.95,29.64,19,30.6,29.55,31.04,29.54
FLS,30.985,30.37,31.675,31.0,30.07,20,29.86,30.82,30.95,29.64
FLS,30.58,31.31,31.99,31.675,30.51,21,30.985,30.37,31.0,30.07
FLS,31.69,31.57,31.96,31.99,31.45,22,30.58,31.31,31.675,30.51
FLS,31.81,31.69,31.65,31.96,31.36,23,31.69,31.57,31.99,31.45
FLS,31.46,31.23,31.51,31.65,31.22,24,31.81,31.69,31.96,31.36
FLS,31.44,31.09,31.08,31.51,30.78,25,31.46,31.23,31.65,31.22
FLS,30.57,30.22,30.915,31.08,29.66,26,31.44,31.09,31.51,30.78
FLS,30.33,29.94,30.31,30.915,29.85,27,30.57,30.22,31.08,29.66
FLS,30.13,30.19,30.97,30.31,29.48,28,30.33,29.94,30.915,29.85
FLS,30.67,30.12,29.71,30.97,30.07,29,30.13,30.19,30.31,29.48
FLS,29.52,29.04,28.91,29.71,28.88,30,30.67,30.12,30.97,30.07
FLS,28.74,28.85,29.949,28.91,28.15,31,29.52,29.04,29.71,28.88
FLS,29.41,29.74,29.85,29.949,29.0998,32,28.74,28.85,28.91,28.15
FLS,29.67,29.77,30.36,29.85,29.5,33,29.41,29.74,29.949,29.0998
FLS,30.02,30.22,30.7,30.36,29.91,34,29.67,29.77,29.85,29.5
FLS,30.25,30.64,31.23,30.7,30.02,35,30.02,30.22,30.36,29.91
FLS,30.76,31.1,31.2,31.23,30.58,36,30.25,30.64,30.7,30.02
FLS,30.715,30.82,31.17,31.2,30.715,37,30.76,31.1,31.23,30.58
FLS,31.02,30.49,30.91,31.17,30.48,38,30.715,30.82,31.2,30.715
FLS,30.59,30.6,31.24,30.91,30.42,39,31.02,30.49,31.17,30.48
FLS,30.97,31.02,32.24,31.24,30.65,40,30.59,30.6,30.91,30.42
FLS,31.44,32.04,32.565,32.24,31.225,41,30.97,31.02,31.24,30.65
FLS,32.3,31.47,31.94,32.565,31.46,42,31.44,32.04,32.24,31.225
FLS,31.61,31.51,31.83,31.94,31.39,43,32.3,31.47,32.565,31.46
FLS,31.565,31.64,31.84,31.83,31.32,44,31.61,31.51,31.94,31.39
FLS,31.48,31.82,32.06,31.84,31.19,45,31.565,31.64,31.83,31.32
FLS,32.03,31.97,32.62,32.06,31.56,46,31.48,31.82,31.84,31.19
FLS,32.25,31.96,32.39,32.62,31.85,47,32.03,31.97,32.06,31.56
FLS,32.06,32.09,32.53,32.39,31.95,48,32.25,31.96,32.62,31.85
FLS,31.44,32.49,33.41,32.53,31.41,49,32.06,32.09,32.39,31.95
FLS,32.34,33.03,33.3,33.41,32.24,50,31.44,32.49,32.53,31.41
FLS,33.25,32.54,32.89,33.3,32.45,51,32.34,33.03,33.41,32.24
FLS,32.59,31.78,32.39,32.89,31.78,52,33.25,32.54,33.3,32.45
FLS,31.66,31.9,33.01,32.39,31.47,53,32.59,31.78,32.89,31.78
FLS,31.49,32.86,32.61,33.01,31.085,54,31.66,31.9,32.39,31.47
FLS,32.16,32.28,33.04,32.61,31.31,55,31.49,32.86,33.01,31.085
FLS,32.61,32.11,32.9099,33.04,31.81,56,32.16,32.28,32.61,31.31
FLS,32.49,32.2,32.58,32.9099,31.83,57,32.61,32.11,33.04,31.81
FLS,31.9,32.57,32.62,32.58,31.5101,58,32.49,32.2,32.9099,31.83
FLS,32.22,32.62,33.05,32.62,31.71,59,31.9,32.57,32.58,31.5101
FLS,32.63,33.0,33.1,33.05,32.31,60,32.22,32.62,32.62,31.71
FLS,32.99,32.79,32.74,33.1,32.38,61,32.63,33.0,33.05,32.31
FLS,32.63,32.26,32.85,32.74,32.0,62,32.99,32.79,33.1,32.38
FLS,32.27,32.64,33.05,32.85,32.16,63,32.63,32.26,32.74,32.0
FLS,32.61,32.9,33.845,33.05,32.265,64,32.27,32.64,32.85,32.16
FLS,33.12,33.8,34.59,33.845,33.06,65,32.61,32.9,33.05,32.265
FLS,34.0,34.55,34.79,34.59,33.95,66,33.12,33.8,33.845,33.06
FLS,34.11,33.52,33.375,34.79,33.37,67,34.0,34.55,34.59,33.95
FLS,33.12,32.43,32.76,33.375,32.13,68,34.11,33.52,34.79,33.37
FLS,32.53,32.4,33.0,32.76,31.98,69,33.12,32.43,33.375,32.13
FLS,32.85,32.62,33.55,33.0,32.48,70,32.53,32.4,32.76,31.98
FLS,32.61,33.36,33.3,33.55,32.32,71,32.85,32.62,33.0,32.48
FLS,33.05,32.52,32.77,33.3,32.47,72,32.61,33.36,33.55,32.32
FLS,32.53,32.06,32.62,32.77,31.86,73,33.05,32.52,33.3,32.47
FLS,32.19,32.21,32.59,32.62,31.9,74,32.53,32.06,32.77,31.86
FLS,32.52,31.58,30.41,32.59,31.47,75,32.19,32.21,32.62,31.9
FLS,30.11,29.7,30.81,30.41,29.01,76,32.52,31.58,32.59,31.47
FLS,30.18,29.85,30.38,30.81,29.58,77,30.11,29.7,30.41,29.01
FLS,29.52,30.37,30.62,30.38,29.08,78,30.18,29.85,30.81,29.58
FLS,30.43,30.28,31.875,30.62,29.68,79,29.52,30.37,30.38,29.08
FLS,30.74,31.79,32.1,31.875,30.69,80,30.43,30.28,30.62,29.68
FLS,31.88,31.46,31.235,32.1,31.05,81,30.74,31.79,31.875,30.69
FLS,31.17,30.36,31.32,31.235,30.06,82,31.88,31.46,32.1,31.05
FLS,30.35,30.62,33.83,31.32,30.19,83,31.17,30.36,31.235,30.06
FLS,31.05,32.84,33.64,33.83,30.86,84,30.35,30.62,31.32,30.19
FLS,33.15,33.31,33.93,33.64,32.66,85,31.05,32.84,33.83,30.86
FLS,33.2,33.93,34.609,33.93,33.03,86,33.15,33.31,33.64,32.66
FLS,34.2,33.81,34.025,34.609,33.7,87,33.2,33.93,33.93,33.03
FLS,33.845,33.42,33.565,34.025,33.08,88,34.2,33.81,34.609,33.7
FLS,33.42,33.09,33.64,33.565,32.43,89,33.845,33.42,34.025,33.08
OR,12.3,12.56,12.72,12.56,12.21,1,12.6,12.24,12.83,12.24
OR,12.64,12.57,12.7,12.72,12.46,2,12.3,12.56,12.56,12.21
OR,12.585,12.68,13.11,12.7,12.445,3,12.64,12.57,12.72,12.46
OR,12.835,12.76,13.35,13.11,12.74,4,12.585,12.68,12.7,12.445
OR,12.94,13.27,13.49,13.35,12.85,5,12.835,12.76,13.11,12.74
OR,13.22,13.42,13.68,13.49,13.14,6,12.94,13.27,13.35,12.85
OR,13.45,13.65,13.65,13.68,13.36,7,13.22,13.42,13.49,13.14
OR,13.62,13.5,13.61,13.65,13.48,8,13.45,13.65,13.68,13.36
OR,13.61,13.35,13.38,13.61,13.285,9,13.62,13.5,13.65,13.48
OR,13.29,13.26,13.39,13.38,13.181,10,13.61,13.35,13.61,13.285
OR,13.18,13.19,13.13,13.39,13.14,11,13.29,13.26,13.38,13.181
OR,12.89,12.99,12.87,13.13,12.685,12,13.18,13.19,13.39,13.14
OR,12.77,12.7,12.77,12.87,12.53,13,12.89,12.99,13.13,12.685
OR,12.77,12.64,12.72,12.77,12.54,14,12.77,12.7,12.87,12.53
OR,12.66,12.5,12.44,12.72,12.3,15,12.77,12.64,12.77,12.54
OR,12.37,12.33,12.55,12.44,12.23,16,12.66,12.5,12.72,12.3
OR,12.37,12.21,12.35,12.55,12.11,17,12.37,12.33,12.44,12.23
OR,12.27,11.69,11.69,12.35,11.66,18,12.37,12.21,12.55,12.11
OR,11.68,11.21,11.25,11.69,11.155,19,12.27,11.69,12.35,11.66
OR,11.18,11.2,11.5,11.25,10.95,20,11.68,11.21,11.69,11.155
OR,11.19,11.48,11.79,11.5,11.02,21,11.18,11.2,11.25,10.95
OR,11.6,11.72,11.81,11.79,11.5,22,11.19,11.48,11.5,11.02
OR,11.64,11.78,11.72,11.81,11.55,23,11.6,11.72,11.79,11.5
OR,11.7,11.46,11.63,11.72,11.38,24,11.64,11.78,11.81,11.55
OR,11.52,11.58,11.605,11.63,11.4594,25,11.7,11.46,11.72,11.38
OR,11.51,11.45,11.455,11.605,11.405,26,11.52,11.58,11.63,11.4594
OR,11.33,11.2,11.295,11.455,11.2,27,11.51,11.45,11.605,11.405
OR,11.14,11.23,11.72,11.295,10.92,28,11.33,11.2,11.455,11.2
OR,11.43,11.69,11.865,11.72,11.35,29,11.14,11.23,11.295,10.92
OR,11.71,11.61,11.65,11.865,11.575,30,11.43,11.69,11.72,11.35
OR,11.57,11.58,11.77,11.65,11.4,31,11.71,11.61,11.865,11.575
OR,11.62,11.69,11.89,11.77,11.615,32,11.57,11.58,11.65,11.4
OR,11.72,11.86,12.08,11.89,11.52,33,11.62,11.69,11.77,11.615
OR,11.84,12.03,12.175,12.08,11.79,34,11.72,11.86,11.89,11.52
OR,12.0,12.06,12.2392,12.175,11.94,35,11.84,12.03,12.08,11.79
OR,12.17,11.97,12.06,12.2392,11.95,36,12.0,12.06,12.175,11.94
OR,11.93,11.85,12.1,12.06,11.75,37,12.17,11.97,12.2392,11.95
OR,11.95,12.1,12.27,12.1,11.81,38,11.93,11.85,12.06,11.75
OR,12.2,12.25,12.12,12.27,12.1,39,11.95,12.1,12.1,11.81
OR,11.95,11.92,12.245,12.12,11.9,40,12.2,12.25,12.27,12.1
OR,12.0,11.94,12.215,12.245,11.9,41,11.95,11.92,12.12,11.9
OR,12.04,11.65,11.57,12.215,11.59,42,12.0,11.94,12.245,11.9
OR,11.45,11.24,11.32,11.57,11.23,43,12.04,11.65,12.215,11.59
OR,11.22,11.26,11.58,11.32,11.08,44,11.45,11.24,11.57,11.23
OR,11.29,11.58,12.06,11.58,11.1,45,11.22,11.26,11.32,11.08
OR,11.64,12.06,12.18,12.06,11.435,46,11.29,11.58,11.58,11.1
OR,12.12,12.1,12.18,12.18,11.9104,47,11.64,12.06,12.06,11.435
OR,12.09,11.83,11.89,12.18,11.83,48,12.12,12.1,12.18,11.9104
OR,11.82,11.66,11.74,11.89,11.62,49,12.09,11.83,12.18,11.83
OR,11.63,11.48,12.3,11.74,11.46,50,11.82,11.66,11.89,11.62
OR,11.61,12.2,12.39,12.3,11.58,51,11.63,11.48,11.74,11.46
OR,12.37,11.78,11.875,12.39,11.76,52,11.61,12.2,12.3,11.58
OR,11.78,11.59,11.61,11.875,11.55,53,12.37,11.78,12.39,11.76
OR,11.5,11.57,11.6,11.61,11.2291,54,11.78,11.59,11.875,11.55
OR,11.45,11.49,11.62,11.6,11.33,55,11.5,11.57,11.61,11.2291
OR,11.385,11.1,11.17,11.62,10.975,56,11.45,11.49,11.6,11.33
OR,10.97,10.8,10.84,11.17,10.8,57,11.385,11.1,11.62,10.975
OR,10.75,10.84,11.07,10.84,10.64,58,10.97,10.8,11.17,10.8
OR,10.9,11.05,11.26,11.07,10.7969,59,10.75,10.84,10.84,10.64
OR,11.15,11.09,11.4,11.26,11.02,60,10.9,11.05,11.07,10.7969
OR,11.16,11.21,11.28,11.4,11.0,61,11.15,11.09,11.26,11.02
OR,11.07,11.09,11.19,11.28,10.93,62,11.16,11.21,11.4,11.0
OR,11.03,11.07,11.54,11.19,10.98,63,11.07,11.09,11.28,10.93
OR,11.19,11.51,11.88,11.54,11.0998,64,11.03,11.07,11.19,10.98
OR,11.53,11.82,11.97,11.88,11.47,65,11.19,11.51,11.54,11.0998
OR,11.78,11.83,11.985,11.97,11.7,66,11.53,11.82,11.88,11.47
OR,11.78,11.59,12.27,11.985,11.55,67,11.78,11.83,11.97,11.7
OR,11.61,12.15,12.51,12.27,11.61,68,11.78,11.59,11.985,11.55
OR,12.28,12.43,12.405,12.51,12.2073,69,11.61,12.15,12.27,11.61
OR,12.11,12.29,12.6191,12.405,12.0,70,12.28,12.43,12.51,12.2073
OR,12.45,12.57,12.81,12.6191,12.32,71,12.11,12.29,12.405,12.0
OR,12.63,12.59,12.5914,12.81,12.5055,72,12.45,12.57,12.6191,12.32
OR,12.56,12.33,12.5,12.5914,12.25,73,12.63,12.59,12.81,12.5055
OR,12.47,12.14,12.4499,12.5,12.05,74,12.56,12.33,12.5914,12.25
OR,12.14,12.38,12.76,12.4499,12.13,75,12.47,12.14,12.5,12.05
OR,12.71,12.25,12.33,12.76,12.045,76,12.14,12.38,12.4499,12.13
OR,12.07,12.33,12.44,12.33,11.89,77,12.71,12.25,12.76,12.045
OR,12.43,12.36,13.12,12.44,12.14,78,12.07,12.33,12.33,11.89
OR,12.41,13.11,13.29,13.12,12.36,79,12.43,12.36,12.44,12.14
OR,12.93,13.22,13.44,13.29,12.89,80,12.41,13.11,13.12,12.36
OR,13.27,13.44,13.72,13.44,13.19,81,12.93,13.22,13.29,12.89
OR,13.46,13.7,14.095,13.72,13.42,82,13.27,13.44,13.44,13.19
OR,13.81,14.0,14.35,14.095,13.46,83,13.46,13.7,13.72,13.42
OR,14.15,13.93,14.08,14.35,13.59,84,13.81,14.0,14.095,13.46
OR,13.4,14.0,14.565,14.08,13.28,85,14.15,13.93,14.35,13.59
OR,14.05,14.46,14.495,14.565,13.93,86,13.4,14.0,14.08,13.28
OR,14.25,14.3,14.14,14.495,14.105,87,14.05,14.46,14.565,13.93
OR,14.07,13.72,13.97,14.14,13.555,88,14.25,14.3,14.495,14.105
OR,13.53,13.87,13.98,13.97,13.36,89,14.07,13.72,14.14,13.555
IAA,54.06,53.56,54.48,54.85,52.97,1,56.15,53.99,56.4,53.5
IAA,53.85,53.47,53.75,54.48,53.37,2,54.06,53.56,54.85,52.97
IAA,53.68,53.07,54.11,53.75,52.2,3,53.85,53.47,54.48,53.37
IAA,52.72,53.64,53.945,54.11,52.66,4,53.68,53.07,53.75,52.2
IAA,53.58,53.33,53.88,53.945,52.74,5,52.72,53.64,54.11,52.66
IAA,53.36,53.39,53.68,53.88,53.0,6,53.58,53.33,53.945,52.74
IAA,53.4,53.58,55.01,53.68,53.15,7,53.36,53.39,53.88,53.0
IAA,53.34,54.22,54.14,55.01,53.35,8,53.4,53.58,53.68,53.15
IAA,53.9,52.83,53.33,54.14,52.78,9,53.34,54.22,55.01,53.35
IAA,52.6,51.69,51.87,53.33,51.47,10,53.9,52.83,54.14,52.78
IAA,51.54,50.63,51.0,51.87,50.19,11,52.6,51.69,53.33,51.47
IAA,51.03,49.32,49.95,51.0,49.235,12,51.54,50.63,51.87,50.19
IAA,49.32,49.68,50.41,49.95,48.765,13,51.03,49.32,51.0,49.235
IAA,49.33,50.28,50.01,50.41,49.1,14,49.32,49.68,49.95,48.765
IAA,49.51,48.64,50.06,50.01,48.51,15,49.33,50.28,50.41,49.1
IAA,48.58,49.32,49.48,50.06,48.05,16,49.51,48.64,50.01,48.51
IAA,48.83,48.3,49.58,49.48,47.65,17,48.58,49.32,50.06,48.05
IAA,48.89,47.35,50.53,49.58,47.33,18,48.83,48.3,49.48,47.65
IAA,47.81,50.01,50.22,50.53,47.36,19,48.89,47.35,49.58,47.33
IAA,49.89,48.58,50.53,50.22,48.22,20,47.81,50.01,50.53,47.36
IAA,49.17,49.89,52.2,50.53,48.83,21,49.89,48.58,50.22,48.22
IAA,50.5,50.89,51.25,52.2,50.3,22,49.17,49.89,50.53,48.83
IAA,50.86,50.91,51.16,51.25,50.26,23,50.5,50.89,52.2,50.3
IAA,50.96,50.27,51.04,51.16,50.23,24,50.86,50.91,51.25,50.26
IAA,50.86,50.04,50.3,51.04,49.75,25,50.96,50.27,51.16,50.23
IAA,49.84,49.14,49.82,50.3,48.73,26,50.86,50.04,51.04,49.75
IAA,49.14,48.01,48.08,49.82,47.8,27,49.84,49.14,50.3,48.73
IAA,47.75,47.82,48.625,48.08,46.495,28,49.14,48.01,49.82,47.8
IAA,48.15,47.85,48.98,48.625,47.49,29,47.75,47.82,48.08,46.495
IAA,47.58,48.65,48.32,48.98,47.28,30,48.15,47.85,48.625,47.49
IAA,47.39,48.1,49.54,48.32,46.77,31,47.58,48.65,48.98,47.28
IAA,48.69,48.73,49.53,49.54,48.44,32,47.39,48.1,48.32,46.77
IAA,48.73,49.36,49.98,49.53,48.52,33,48.69,48.73,49.54,48.44
IAA,49.84,49.81,50.87,49.98,49.38,34,48.73,49.36,49.53,48.52
IAA,49.88,50.77,51.73,50.87,49.85,35,49.84,49.81,49.98,49.38
IAA,51.35,50.93,51.19,51.73,50.83,36,49.88,50.77,50.87,49.85
IAA,50.99,50.79,51.49,51.19,50.65,37,51.35,50.93,51.73,50.83
IAA,51.28,50.43,50.93,51.49,50.33,38,50.99,50.79,51.19,50.65
IAA,50.43,50.62,50.96,50.93,50.02,39,51.28,50.43,51.49,50.33
IAA,50.78,50.53,50.48,50.96,49.65,40,50.43,50.62,50.93,50.02
IAA,50.24,50.06,51.07,50.48,49.59,41,50.78,50.53,50.96,49.65
IAA,49.91,49.28,50.74,51.07,49.25,42,50.24,50.06,50.48,49.59
IAA,49.26,50.34,51.12,50.74,48.23,43,49.91,49.28,51.07,49.25
IAA,50.42,49.44,49.19,51.12,49.31,44,49.26,50.34,50.74,48.23
IAA,48.92,48.72,48.88,49.19,47.83,45,50.42,49.44,51.12,49.31
IAA,48.88,47.35,49.46,48.88,47.1,46,48.92,48.72,49.19,47.83
IAA,47.43,48.82,49.28,49.46,47.17,47,48.88,47.35,48.88,47.1
IAA,48.99,48.52,48.11,49.28,48.19,48,47.43,48.82,49.46,47.17
IAA,47.95,47.13,47.14,48.11,46.0,49,48.99,48.52,49.28,48.19
IAA,46.45,46.67,47.295,47.14,45.71,50,47.95,47.13,48.11,46.0
IAA,47.04,46.32,47.11,47.295,46.26,51,46.45,46.67,47.14,45.71
IAA,46.5,45.44,45.59,47.11,45.37,52,47.04,46.32,47.295,46.26
IAA,45.01,44.52,45.119,45.59,44.44,53,46.5,45.44,47.11,45.37
IAA,43.45,44.98,44.6,45.119,42.72,54,45.01,44.52,45.59,44.44
IAA,43.84,43.94,44.62,44.6,43.19,55,43.45,44.98,45.119,42.72
IAA,44.19,43.12,43.52,44.62,42.52,56,43.84,43.94,44.6,43.19
IAA,43.33,42.28,44.6561,43.52,41.37,57,44.19,43.12,44.62,42.52
IAA,42.51,44.53,45.95,44.6561,42.2,58,43.33,42.28,43.52,41.37
IAA,44.52,45.93,46.53,45.95,44.51,59,42.51,44.53,44.6561,42.2
IAA,46.43,46.27,47.36,46.53,45.35,60,44.52,45.93,45.95,44.51
IAA,46.31,47.08,47.24,47.36,45.96,61,46.43,46.27,46.53,45.35
IAA,46.63,45.13,45.28,47.24,44.895,62,46.31,47.08,47.36,45.96
IAA,45.03,44.77,45.46,45.28,44.15,63,46.63,45.13,47.24,44.895
IAA,45.13,44.82,45.6,45.46,44.355,64,45.03,44.77,45.28,44.15
IAA,44.825,44.97,46.275,45.6,44.55,65,45.13,44.82,45.46,44.355
IAA,45.78,46.23,47.345,46.275,45.45,66,44.825,44.97,45.6,44.55
IAA,45.63,45.82,45.0,47.345,45.33,67,45.78,46.23,46.275,45.45
IAA,44.15,35.67,36.03,45.0,34.45,68,45.63,45.82,47.345,45.33
IAA,34.62,35.59,36.835,36.03,34.27,69,44.15,35.67,45.0,34.45
IAA,36.0,36.29,36.68,36.835,35.03,70,34.62,35.59,36.03,34.27
IAA,35.82,35.96,36.39,36.68,35.67,71,36.0,36.29,36.835,35.03
IAA,35.89,35.26,36.67,36.39,35.09,72,35.82,35.96,36.68,35.67
IAA,35.81,35.31,35.57,36.67,34.6385,73,35.89,35.26,36.39,35.09
IAA,35.07,34.66,35.9,35.57,34.35,74,35.81,35.31,36.67,34.6385
IAA,35.22,34.09,35.105,35.9,34.09,75,35.07,34.66,35.57,34.35
IAA,33.09,35.05,36.82,35.105,32.74,76,35.22,34.09,35.9,34.09
IAA,35.54,36.72,36.86,36.82,34.75,77,33.09,35.05,35.105,32.74
IAA,36.38,36.74,37.105,36.86,36.0053,78,35.54,36.72,36.82,34.75
IAA,36.7,36.04,38.03,37.105,35.88,79,36.38,36.74,36.86,36.0053
IAA,36.51,37.63,37.95,38.03,36.195,80,36.7,36.04,37.105,35.88
IAA,37.68,36.35,36.29,37.95,36.2901,81,36.51,37.63,38.03,36.195
IAA,36.16,35.25,35.51,36.29,34.99,82,37.68,36.35,37.95,36.2901
IAA,35.21,32.29,33.75,35.51,32.14,83,36.16,35.25,36.29,34.99
IAA,32.33,32.28,35.11,33.75,31.32,84,35.21,32.29,35.51,32.14
IAA,33.41,34.62,36.17,35.11,33.15,85,32.33,32.28,33.75,31.32
IAA,33.98,34.95,36.03,36.17,33.85,86,33.41,34.62,35.11,33.15
IAA,35.4,35.67,37.12,36.03,34.94,87,33.98,34.95,36.17,33.85
IAA,35.99,36.31,39.39,37.12,35.67,88,35.4,35.67,36.03,34.94
IAA,36.965,38.98,40.24,39.39,36.78,89,35.99,36.31,37.12,35.67
WELL,81.19,84.6,85.87,86.025,81.19,1,82.82,80.47,83.16,79.71
WELL,84.42,84.76,86.235,85.87,83.98,2,81.19,84.6,86.025,81.19
WELL,85.04,85.39,87.64,86.235,84.16,3,84.42,84.76,85.87,83.98
WELL,85.35,87.01,87.08,87.64,85.54,4,85.04,85.39,86.235,84.16
WELL,86.74,85.23,85.91,87.08,85.04,5,85.35,87.01,87.64,85.54
WELL,85.34,85.55,85.52,85.91,84.72,6,86.74,85.23,87.08,85.04
WELL,85.05,84.23,84.5,85.52,83.29,7,85.34,85.55,85.91,84.72
WELL,84.21,84.0,86.51,84.5,82.9236,8,85.05,84.23,85.52,83.29
WELL,83.64,86.22,86.65,86.51,82.93,9,84.21,84.0,84.5,82.9236
WELL,86.23,86.15,86.79,86.65,85.21,10,83.64,86.22,86.51,82.93
WELL,85.92,84.19,85.0,86.79,83.845,11,86.23,86.15,86.65,85.21
WELL,83.79,84.01,86.48,85.0,83.25,12,85.92,84.19,86.79,83.845
WELL,84.78,85.78,87.265,86.48,84.38,13,83.79,84.01,85.0,83.25
WELL,86.39,87.07,85.25,87.265,85.87,14,84.78,85.78,86.48,84.38
WELL,84.67,81.92,83.68,85.25,81.78,15,86.39,87.07,87.265,85.87
WELL,82.56,82.04,81.84,83.68,81.98,16,84.67,81.92,85.25,81.78
WELL,81.69,79.62,82.15,81.84,79.21,17,82.56,82.04,83.68,81.98
WELL,80.84,79.36,82.77,82.15,79.26,18,81.69,79.62,81.84,79.21
WELL,80.18,82.08,82.56,82.77,79.79,19,80.84,79.36,82.15,79.26
WELL,82.37,80.4,83.94,82.56,79.95,20,80.18,82.08,82.77,79.79
WELL,81.365,83.04,85.3499,83.94,81.27,21,82.37,80.4,82.56,79.95
WELL,83.71,84.78,86.16,85.3499,83.53,22,81.365,83.04,83.94,81.27
WELL,85.185,85.7,85.46,86.16,84.5,23,83.71,84.78,85.3499,83.53
WELL,85.41,84.15,84.93,85.46,84.14,24,85.185,85.7,86.16,84.5
WELL,84.74,82.71,84.05,84.93,82.27,25,85.41,84.15,85.46,84.14
WELL,82.19,83.44,83.99,84.05,81.735,26,84.74,82.71,84.93,82.27
WELL,83.44,82.19,83.47,83.99,81.24,27,82.19,83.44,84.05,81.735
WELL,82.4,82.95,84.47,83.47,81.86,28,83.44,82.19,83.99,81.24
WELL,83.27,83.1,84.449,84.47,82.18,29,82.4,82.95,83.47,81.86
WELL,83.1,83.2,81.64,84.449,81.94,30,83.27,83.1,84.47,82.18
WELL,80.805,80.33,83.37,81.64,80.03,31,83.1,83.2,84.449,81.94
WELL,81.2,82.64,83.369,83.37,80.84,32,80.805,80.33,81.64,80.03
WELL,82.915,82.96,83.58,83.369,82.09,33,81.2,82.64,83.37,80.84
WELL,83.25,82.79,84.08,83.58,81.93,34,82.915,82.96,83.369,82.09
WELL,82.64,84.04,84.85,84.08,81.74,35,83.25,82.79,83.58,81.93
WELL,83.88,84.73,85.33,84.85,83.61,36,82.64,84.04,84.08,81.74
WELL,84.71,85.11,86.35,85.33,83.34,37,83.88,84.73,84.85,83.61
WELL,85.24,85.9,86.69,86.35,84.93,38,84.71,85.11,85.33,83.34
WELL,85.94,85.77,87.115,86.69,85.575,39,85.24,85.9,86.35,84.93
WELL,86.19,85.56,88.68,87.115,84.41,40,85.94,85.77,86.69,85.575
WELL,85.79,88.14,89.57,88.68,85.72,41,86.19,85.56,87.115,84.41
WELL,88.75,86.98,88.25,89.57,86.82,42,85.79,88.14,88.68,85.72
WELL,88.03,87.63,89.425,88.25,86.94,43,88.75,86.98,89.57,86.82
WELL,87.36,87.83,87.61,89.425,86.79,44,88.03,87.63,88.25,86.94
WELL,87.34,87.54,87.58,87.61,86.67,45,87.36,87.83,89.425,86.79
WELL,87.5,86.33,87.18,87.58,84.76,46,87.34,87.54,87.61,86.67
WELL,86.1,86.31,88.28,87.18,85.94,47,87.5,86.33,87.58,84.76
WELL,86.41,87.71,88.18,88.28,85.88,48,86.1,86.31,87.18,85.94
WELL,87.72,87.51,87.58,88.18,86.36,49,86.41,87.71,88.28,85.88
WELL,87.06,87.18,87.86,87.58,86.01,50,87.72,87.51,88.18,86.36
WELL,87.79,85.53,88.04,87.86,85.46,51,87.06,87.18,87.58,86.01
WELL,86.04,85.98,88.32,88.04,85.8,52,87.79,85.53,87.86,85.46
WELL,86.44,87.51,86.85,88.32,86.28,53,86.04,85.98,88.04,85.8
WELL,86.65,86.02,85.96,86.85,83.27,54,86.44,87.51,88.32,86.28
WELL,85.18,85.53,87.85,85.96,83.36,55,86.65,86.02,86.85,83.27
WELL,86.0,83.85,86.23,87.85,83.15,56,85.18,85.53,85.96,83.36
WELL,84.72,83.42,84.11,86.23,83.11,57,86.0,83.85,87.85,83.15
WELL,83.5,84.06,86.63,84.11,80.655,58,84.72,83.42,86.23,83.11
WELL,83.49,86.63,86.36,86.63,83.39,59,83.5,84.06,84.11,80.655
WELL,86.28,84.66,86.2,86.36,84.0811,60,83.49,86.63,86.63,83.39
WELL,85.0,84.85,84.55,86.2,84.69,61,86.28,84.66,86.36,84.0811
WELL,84.31,82.76,82.19,84.55,82.67,62,85.0,84.85,86.2,84.69
WELL,81.77,80.43,81.17,82.19,78.92,63,84.31,82.76,84.55,82.67
WELL,80.45,80.73,81.29,81.17,80.3,64,81.77,80.43,82.19,78.92
WELL,80.88,79.99,81.9,81.29,79.62,65,80.45,80.73,81.17,80.3
WELL,81.09,81.8,82.215,81.9,80.46,66,80.88,79.99,81.29,79.62
WELL,80.645,80.68,81.38,82.215,80.12,67,81.09,81.8,81.9,80.46
WELL,80.67,80.11,81.33,81.38,79.25,68,80.645,80.68,82.215,80.12
WELL,80.2,79.67,81.32,81.33,79.13,69,80.67,80.11,81.38,79.25
WELL,80.57,81.16,84.47,81.32,79.83,70,80.2,79.67,81.33,79.13
WELL,84.19,83.89,83.88,84.47,82.56,71,80.57,81.16,81.32,79.83
WELL,83.28,82.14,84.29,83.88,81.41,72,84.19,83.89,84.47,82.56
WELL,81.99,82.86,83.41,84.29,81.46,73,83.28,82.14,83.88,81.41
WELL,82.75,82.96,83.99,83.41,81.97,74,81.99,82.86,84.29,81.46
WELL,83.36,80.89,82.32,83.99,80.75,75,82.75,82.96,83.41,81.97
WELL,79.36,82.02,84.43,82.32,78.95,76,83.36,80.89,83.99,80.75
WELL,82.9,84.31,84.325,84.43,81.84,77,79.36,82.02,82.32,78.95
WELL,82.72,83.29,83.72,84.325,82.41,78,82.9,84.31,84.43,81.84
WELL,83.22,82.34,85.2084,83.72,81.065,79,82.72,83.29,84.325,82.41
WELL,83.07,84.35,85.46,85.2084,82.9,80,83.22,82.34,83.72,81.065
WELL,84.92,85.37,87.24,85.46,83.53,81,83.07,84.35,85.2084,82.9
WELL,85.0,87.08,88.45,87.24,84.48,82,84.92,85.37,85.46,83.53
WELL,86.61,86.92,89.47,88.45,86.81,83,85.0,87.08,87.24,84.48
WELL,86.65,88.33,90.1,89.47,86.225,84,86.61,86.92,88.45,86.81
WELL,89.37,88.76,90.44,90.1,88.58,85,86.65,88.33,89.47,86.225
WELL,87.8,90.44,92.77,90.44,87.31,86,89.37,88.76,90.1,88.58
WELL,91.68,91.21,92.84,92.77,90.87,87,87.8,90.44,90.44,87.31
WELL,91.84,90.97,91.99,92.84,90.93,88,91.68,91.21,92.77,90.87
WELL,91.14,90.2,91.78,91.99,89.46,89,91.84,90.97,92.84,90.93
ISBC,15.7,15.6,15.83,15.85,15.48,1,15.61,15.47,15.75,15.34
ISBC,15.64,15.6,15.48,15.83,15.51,2,15.7,15.6,15.85,15.48
ISBC,15.34,15.47,15.59,15.48,15.24,3,15.64,15.6,15.83,15.51
ISBC,15.52,15.44,15.77,15.59,15.4094,4,15.34,15.47,15.48,15.24
ISBC,15.46,15.75,15.95,15.77,15.42,5,15.52,15.44,15.59,15.4094
ISBC,15.76,15.81,16.03,15.95,15.615,6,15.46,15.75,15.77,15.42
ISBC,15.87,16.01,16.135,16.03,15.84,7,15.76,15.81,15.95,15.615
ISBC,16.01,16.06,16.01,16.135,15.92,8,15.87,16.01,16.03,15.84
ISBC,15.99,15.92,16.03,16.01,15.83,9,16.01,16.06,16.135,15.92
ISBC,15.91,15.94,15.82,16.03,15.8,10,15.99,15.92,16.01,15.83
ISBC,15.69,15.64,16.2,15.82,15.515,11,15.91,15.94,16.03,15.8
ISBC,15.82,15.98,16.18,16.2,15.79,12,15.69,15.64,15.82,15.515
ISBC,16.15,16.13,16.35,16.18,15.99,13,15.82,15.98,16.2,15.79
ISBC,16.16,16.1,15.57,16.35,16.1,14,16.15,16.13,16.18,15.99
ISBC,15.42,15.42,15.75,15.57,15.12,15,16.16,16.1,16.35,16.1
ISBC,15.65,15.43,15.25,15.75,15.325,16,15.42,15.42,15.57,15.12
ISBC,15.14,14.89,15.53,15.25,14.75,17,15.65,15.43,15.75,15.325
ISBC,15.31,14.74,15.31,15.53,14.74,18,15.14,14.89,15.25,14.75
ISBC,14.9,15.22,15.24,15.31,14.79,19,15.31,14.74,15.53,14.74
ISBC,15.2,14.79,15.345,15.24,14.68,20,14.9,15.22,15.31,14.79
ISBC,15.09,15.11,15.44,15.345,14.96,21,15.2,14.79,15.24,14.68
ISBC,15.2,15.28,15.36,15.44,15.14,22,15.09,15.11,15.345,14.96
ISBC,15.32,15.08,15.15,15.36,15.08,23,15.2,15.28,15.44,15.14
ISBC,14.97,15.03,15.16,15.15,14.92,24,15.32,15.08,15.36,15.08
ISBC,15.12,15.04,14.96,15.16,14.825,25,14.97,15.03,15.15,14.92
ISBC,14.96,14.66,15.05,14.96,14.61,26,15.12,15.04,15.16,14.825
ISBC,14.74,14.72,14.86,15.05,14.69,27,14.96,14.66,14.96,14.61
ISBC,14.82,14.81,15.18,14.86,14.55,28,14.74,14.72,15.05,14.69
ISBC,14.96,14.78,14.8,15.18,14.74,29,14.82,14.81,14.86,14.55
ISBC,14.77,14.28,14.23,14.8,14.17,30,14.96,14.78,15.18,14.74
ISBC,14.13,14.2,14.655,14.23,13.97,31,14.77,14.28,14.8,14.17
ISBC,14.34,14.56,14.76,14.655,14.295,32,14.13,14.2,14.23,13.97
ISBC,14.49,14.64,14.98,14.76,14.41,33,14.34,14.56,14.655,14.295
ISBC,14.9,14.89,15.035,14.98,14.76,34,14.49,14.64,14.76,14.41
ISBC,14.9,15.01,15.15,15.035,14.75,35,14.9,14.89,14.98,14.76
ISBC,15.0,15.06,15.185,15.15,14.93,36,14.9,15.01,15.035,14.75
ISBC,15.08,15.15,15.27,15.185,15.01,37,15.0,15.06,15.15,14.93
ISBC,15.15,15.14,15.2,15.27,15.075,38,15.08,15.15,15.185,15.01
ISBC,15.11,15.15,15.765,15.2,15.0015,39,15.15,15.14,15.27,15.075
ISBC,15.29,15.66,16.43,15.765,15.22,40,15.11,15.15,15.2,15.0015
ISBC,15.92,16.32,16.57,16.43,15.8,41,15.29,15.66,15.765,15.22
ISBC,16.44,16.19,17.09,16.57,16.17,42,15.92,16.32,16.43,15.8
ISBC,16.43,17.02,17.3,17.09,16.39,43,16.44,16.19,16.57,16.17
ISBC,17.02,17.1,17.38,17.3,16.92,44,16.43,17.02,17.09,16.39
ISBC,17.29,17.0,17.23,17.38,16.79,45,17.02,17.1,17.3,16.92
ISBC,17.04,17.05,17.285,17.23,16.83,46,17.29,17.0,17.38,16.79
ISBC,17.1,17.1,17.28,17.285,17.05,47,17.04,17.05,17.23,16.83
ISBC,17.2,17.16,17.46,17.28,17.11,48,17.1,17.1,17.285,17.05
ISBC,17.0,17.45,17.67,17.46,16.88,49,17.2,17.16,17.28,17.11
ISBC,17.46,17.11,17.19,17.67,17.06,50,17.0,17.45,17.46,16.88
ISBC,17.19,16.85,17.0,17.19,16.725,51,17.46,17.11,17.67,17.06
ISBC,16.8,16.36,16.355,17.0,16.33,52,17.19,16.85,17.19,16.725
ISBC,16.24,16.03,16.22,16.355,15.95,53,16.8,16.36,17.0,16.33
ISBC,15.73,16.17,16.47,16.22,15.54,54,16.24,16.03,16.355,15.95
ISBC,15.99,16.34,16.78,16.47,15.695,55,15.73,16.17,16.22,15.54
ISBC,16.53,16.34,16.77,16.78,16.115,56,15.99,16.34,16.47,15.695
ISBC,16.64,16.25,16.39,16.77,16.135,57,16.53,16.34,16.78,16.115
ISBC,16.17,16.38,16.38,16.39,15.96,58,16.64,16.25,16.77,16.135
ISBC,16.17,16.32,16.83,16.38,15.95,59,16.17,16.38,16.39,15.96
ISBC,16.29,16.78,16.9,16.83,16.26,60,16.17,16.32,16.38,15.95
ISBC,16.73,16.85,17.1,16.9,16.595,61,16.29,16.78,16.83,16.26
ISBC,16.78,16.74,17.265,17.1,16.71,62,16.73,16.85,16.9,16.595
ISBC,16.8,17.13,17.3,17.265,16.75,63,16.78,16.74,17.1,16.71
ISBC,17.16,17.17,17.575,17.3,17.0,64,16.8,17.13,17.265,16.75
ISBC,17.44,17.49,17.555,17.575,17.36,65,17.16,17.17,17.3,17.0
ISBC,17.44,17.28,17.51,17.555,17.26,66,17.44,17.49,17.575,17.36
ISBC,17.28,17.26,17.57,17.51,17.145,67,17.44,17.28,17.555,17.26
ISBC,17.16,17.16,17.32,17.57,17.05,68,17.28,17.26,17.51,17.145
ISBC,17.22,16.93,17.39,17.32,16.775,69,17.16,17.16,17.57,17.05
ISBC,17.14,17.38,17.515,17.39,17.1,70,17.22,16.93,17.32,16.775
ISBC,17.21,17.42,17.28,17.515,17.2,71,17.14,17.38,17.39,17.1
ISBC,17.2,16.8,17.05,17.28,16.74,72,17.21,17.42,17.515,17.2
ISBC,16.83,16.9,17.03,17.05,16.76,73,17.2,16.8,17.28,16.74
ISBC,16.88,16.84,17.025,17.03,16.665,74,16.83,16.9,17.05,16.76
ISBC,16.95,16.37,16.09,17.025,16.365,75,16.88,16.84,17.03,16.665
ISBC,15.86,16.02,16.94,16.09,15.53,76,16.95,16.37,17.025,16.365
ISBC,16.28,16.91,16.815,16.94,16.06,77,15.86,16.02,16.09,15.53
ISBC,16.52,16.74,16.62,16.815,16.33,78,16.28,16.91,16.94,16.06
ISBC,16.57,15.63,16.45,16.62,15.47,79,16.52,16.74,16.815,16.33
ISBC,15.96,16.26,16.37,16.45,15.69,80,16.57,15.63,16.62,15.47
ISBC,16.34,16.19,15.78,16.37,15.99,81,15.96,16.26,16.45,15.69
ISBC,15.89,15.59,15.63,15.78,15.31,82,16.34,16.19,16.37,15.99
ISBC,15.46,14.79,15.33,15.63,14.79,83,15.89,15.59,15.78,15.31
ISBC,15.05,14.9,15.675,15.33,14.695,84,15.46,14.79,15.63,14.79
ISBC,15.41,15.56,15.61,15.675,15.28,85,15.05,14.9,15.33,14.695
ISBC,15.25,15.38,15.74,15.61,15.225,86,15.41,15.56,15.675,15.28
ISBC,15.36,15.33,16.02,15.74,15.31,87,15.25,15.38,15.61,15.225
ISBC,15.69,15.87,16.15,16.02,15.575,88,15.36,15.33,15.74,15.31
ISBC,15.93,15.83,16.46,16.15,15.665,89,15.69,15.87,16.02,15.575
SLM,18.65,18.44,18.75,18.9,18.43,1,18.655,18.42,18.75,18.155
SLM,18.56,18.39,18.58,18.75,18.355,2,18.65,18.44,18.9,18.43
SLM,18.4,18.51,18.835,18.58,18.22,3,18.56,18.39,18.75,18.355
SLM,18.5,18.8,19.02,18.835,18.4,4,18.4,18.51,18.58,18.22
SLM,18.9,18.5,18.785,19.02,18.5,5,18.5,18.8,18.835,18.4
SLM,18.46,18.73,18.96,18.785,18.38,6,18.9,18.5,19.02,18.5
SLM,18.91,18.66,18.72,18.96,18.59,7,18.46,18.73,18.785,18.38
SLM,18.58,18.52,18.56,18.72,18.375,8,18.91,18.66,18.96,18.59
SLM,18.4,18.37,18.62,18.56,18.23,9,18.58,18.52,18.72,18.375
SLM,18.47,18.43,18.695,18.62,18.37,10,18.4,18.37,18.56,18.23
SLM,18.28,18.41,19.03,18.695,18.12,11,18.47,18.43,18.62,18.37
SLM,18.63,18.54,18.89,19.03,18.525,12,18.28,18.41,18.695,18.12
SLM,18.83,18.65,18.7379,18.89,18.475,13,18.63,18.54,19.03,18.525
SLM,18.62,18.5,18.155,18.7379,18.5,14,18.83,18.65,18.89,18.475
SLM,17.87,17.86,18.27,18.155,17.765,15,18.62,18.5,18.7379,18.5
SLM,18.24,17.9,18.085,18.27,17.6,16,17.87,17.86,18.155,17.765
SLM,17.56,17.78,18.66,18.085,17.38,17,18.24,17.9,18.27,17.6
SLM,18.13,17.94,18.67,18.66,17.92,18,17.56,17.78,18.085,17.38
SLM,18.1,18.45,18.6,18.67,18.05,19,18.13,17.94,18.66,17.92
SLM,18.41,18.07,19.03,18.6,17.875,20,18.1,18.45,18.67,18.05
SLM,18.26,18.38,19.0,19.03,18.16,21,18.41,18.07,18.6,17.875
SLM,18.63,18.74,19.0,19.0,18.41,22,18.26,18.38,19.03,18.16
SLM,18.78,18.78,18.85,19.0,18.62,23,18.63,18.74,19.0,18.41
SLM,18.62,18.79,19.07,18.85,18.58,24,18.78,18.78,19.0,18.62
SLM,18.93,18.85,18.84,19.07,18.71,25,18.62,18.79,18.85,18.58
SLM,18.77,18.32,18.62,18.84,18.31,26,18.93,18.85,19.07,18.71
SLM,18.28,18.25,18.81,18.62,18.13,27,18.77,18.32,18.84,18.31
SLM,18.29,18.77,19.02,18.81,17.955,28,18.28,18.25,18.62,18.13
SLM,18.96,18.64,18.73,19.02,18.535,29,18.29,18.77,18.81,17.955
SLM,18.53,18.3,18.03,18.73,18.12,30,18.96,18.64,19.02,18.535
SLM,18.0,17.64,18.43,18.03,17.36,31,18.53,18.3,18.73,18.12
SLM,17.84,18.42,18.99,18.43,17.31,32,18.0,17.64,18.03,17.36
SLM,18.43,18.86,19.28,18.99,18.41,33,17.84,18.42,18.43,17.31
SLM,18.91,19.11,19.35,19.28,18.83,34,18.43,18.86,18.99,18.41
SLM,19.2,19.27,19.57,19.35,19.03,35,18.91,19.11,19.28,18.83
SLM,19.29,19.45,19.63,19.57,19.27,36,19.2,19.27,19.35,19.03
SLM,19.55,19.5,19.695,19.63,19.142,37,19.29,19.45,19.57,19.27
SLM,19.53,19.47,19.85,19.695,19.45,38,19.55,19.5,19.63,19.142
SLM,19.48,19.67,19.93,19.85,19.33,39,19.53,19.47,19.695,19.45
SLM,19.88,19.66,20.24,19.93,19.48,40,19.48,19.67,19.85,19.33
SLM,19.95,20.14,20.3,20.24,19.7,41,19.88,19.66,19.93,19.48
SLM,20.14,19.8,20.24,20.3,19.795,42,19.95,20.14,20.24,19.7
SLM,19.9,20.19,20.49,20.24,19.83,43,20.14,19.8,20.3,19.795
SLM,20.1,20.34,20.51,20.49,20.02,44,19.9,20.19,20.24,19.83
SLM,20.44,20.41,20.6,20.51,20.175,45,20.1,20.34,20.49,20.02
SLM,20.49,20.37,20.685,20.6,20.28,46,20.44,20.41,20.51,20.175
SLM,20.53,20.38,20.88,20.685,20.3,47,20.49,20.37,20.6,20.28
SLM,20.63,20.74,20.8,20.88,20.47,48,20.53,20.38,20.685,20.3
SLM,20.43,20.78,20.68,20.8,20.32,49,20.63,20.74,20.88,20.47
SLM,20.58,20.25,20.45,20.68,20.195,50,20.43,20.78,20.8,20.32
SLM,20.4,18.92,19.03,20.45,18.89,51,20.58,20.25,20.68,20.195
SLM,18.94,18.2,18.07,19.03,18.17,52,20.4,18.92,20.45,18.89
SLM,18.025,17.21,17.4087,18.07,17.17,53,18.94,18.2,19.03,18.17
SLM,16.8,17.34,17.365,17.4087,16.36,54,18.025,17.21,18.07,17.17
SLM,16.98,17.17,17.45,17.365,16.68,55,16.8,17.34,17.4087,16.36
SLM,17.37,17.12,17.8,17.45,16.92,56,16.98,17.17,17.365,16.68
SLM,17.25,17.52,18.025,17.8,16.81,57,17.37,17.12,17.45,16.92
SLM,17.39,18.0,18.53,18.025,17.29,58,17.25,17.52,17.8,16.81
SLM,18.01,18.34,19.31,18.53,17.925,59,17.39,18.0,18.025,17.29
SLM,18.29,19.27,19.58,19.31,18.2,60,18.01,18.34,18.53,17.925
SLM,19.29,19.25,19.6,19.58,18.95,61,18.29,19.27,19.31,18.2
SLM,19.08,19.55,20.15,19.6,18.94,62,19.29,19.25,19.58,18.95
SLM,19.64,19.94,20.08,20.15,19.6,63,19.08,19.55,19.6,18.94
SLM,20.04,19.58,19.765,20.08,19.395,64,19.64,19.94,20.15,19.6
SLM,19.7,19.59,19.95,19.765,19.475,65,20.04,19.58,20.08,19.395
SLM,19.85,19.52,20.29,19.95,19.43,66,19.7,19.59,19.765,19.475
SLM,19.47,19.88,20.27,20.29,19.405,67,19.85,19.52,19.95,19.43
SLM,19.83,19.8,20.14,20.27,19.69,68,19.47,19.88,20.29,19.405
SLM,19.86,19.69,20.39,20.14,19.56,69,19.83,19.8,20.27,19.69
SLM,19.79,20.38,20.75,20.39,19.75,70,19.86,19.69,20.14,19.56
SLM,20.45,20.7,20.71,20.75,20.35,71,19.79,20.38,20.39,19.75
SLM,20.58,20.11,20.41,20.71,20.055,72,20.45,20.7,20.75,20.35
SLM,20.03,20.04,20.03,20.41,19.96,73,20.58,20.11,20.71,20.055
SLM,19.97,19.58,19.87,20.03,19.49,74,20.03,20.04,20.41,19.96
SLM,19.84,19.02,19.21,19.87,18.99,75,19.97,19.58,20.03,19.49
SLM,18.55,19.12,20.05,19.21,18.25,76,19.84,19.02,19.87,18.99
SLM,19.39,19.99,19.92,20.05,19.005,77,18.55,19.12,19.21,18.25
SLM,19.49,19.7,19.68,19.92,19.23,78,19.39,19.99,20.05,19.005
SLM,19.58,18.99,19.72,19.68,18.69,79,19.49,19.7,19.92,19.23
SLM,19.39,19.4,19.41,19.72,19.1423,80,19.58,18.99,19.68,18.69
SLM,19.33,18.55,18.245,19.41,18.45,81,19.39,19.4,19.72,19.1423
SLM,18.19,17.5,17.64,18.245,17.35,82,19.33,18.55,19.41,18.45
SLM,17.4,17.16,17.55,17.64,16.99,83,18.19,17.5,18.245,17.35
SLM,17.33,16.89,17.91,17.55,16.8,84,17.4,17.16,17.64,16.99
SLM,17.14,17.68,17.9,17.91,17.4,85,17.33,16.89,17.55,16.8
SLM,17.41,17.4,17.65,17.9,17.2,86,17.14,17.68,17.91,17.4
SLM,17.57,17.18,17.72,17.65,17.16,87,17.41,17.4,17.9,17.2
SLM,17.52,17.4,17.67,17.72,17.2,88,17.57,17.18,17.65,17.16
SLM,17.48,17.54,18.3,17.67,17.315,89,17.52,17.4,17.72,17.2
JD,79.9,77.57,79.11,80.0,77.46,1,82.59,80.3,83.06,80.05
JD,78.88,77.47,79.57,79.11,76.83,2,79.9,77.57,80.0,77.46
JD,77.12,77.19,79.49,79.57,76.6301,3,78.88,77.47,79.11,76.83
JD,78.8,77.74,84.33,79.49,77.29,4,77.12,77.19,79.57,76.6301
JD,81.6,84.2,86.32,84.33,81.07,5,78.8,77.74,79.49,77.29
JD,84.09,85.95,86.26,86.32,83.85,6,81.6,84.2,84.33,81.07
JD,86.17,84.62,86.79,86.26,83.71,7,84.09,85.95,86.32,83.85
JD,85.91,85.73,85.275,86.79,84.92,8,86.17,84.62,86.26,83.71
JD,85.27,83.15,89.29,85.275,82.24,9,85.91,85.73,86.79,84.92
JD,88.0,88.1,92.1,89.29,85.12,10,85.27,83.15,85.275,82.24
JD,89.84,91.55,92.16,92.1,89.11,11,88.0,88.1,89.29,85.12
JD,89.51,87.71,92.69,92.16,86.38,12,89.84,91.55,92.1,89.11
JD,90.12,89.46,91.19,92.69,87.8332,13,89.51,87.71,92.16,86.38
JD,90.0,89.36,89.35,91.19,88.1901,14,90.12,89.46,92.69,87.8332
JD,86.6,88.67,88.92,89.35,85.78,15,90.0,89.36,91.19,88.1901
JD,88.35,87.91,87.945,88.92,86.26,16,86.6,88.67,89.35,85.78
JD,87.09,84.11,88.22,87.945,83.94,17,88.35,87.91,88.92,86.26
JD,86.88,85.18,87.33,88.22,85.12,18,87.09,84.11,87.945,83.94
JD,86.47,84.46,80.46,87.33,82.4,19,86.88,85.18,88.22,85.12
JD,80.05,77.95,76.95,80.46,73.69,20,86.47,84.46,87.33,82.4
JD,76.57,75.19,79.24,76.95,74.27,21,80.05,77.95,80.46,73.69
JD,78.71,78.09,79.6,79.24,76.52,22,76.57,75.19,76.95,74.27
JD,78.29,78.29,81.08,79.6,77.35,23,78.71,78.09,79.24,76.52
JD,78.54,79.57,80.65,81.08,78.045,24,78.29,78.29,79.6,77.35
JD,79.47,79.71,78.58,80.65,78.73,25,78.54,79.57,81.08,78.045
JD,78.51,78.05,77.849,78.58,76.44,26,79.47,79.71,80.65,78.73
JD,76.25,77.65,76.0,77.849,75.88,27,78.51,78.05,78.58,76.44
JD,75.89,73.66,76.0,76.0,70.45,28,76.25,77.65,77.849,75.88
JD,73.5,72.68,72.63,76.0,72.4,29,75.89,73.66,76.0,70.45
JD,70.16,71.04,69.545,72.63,70.0,30,73.5,72.68,76.0,72.4
JD,69.49,68.19,73.7,69.545,67.16,31,70.16,71.04,72.63,70.0
JD,69.9,73.41,74.005,73.7,69.52,32,69.49,68.19,69.545,67.16
JD,71.07,73.75,69.5,74.005,70.78,33,69.9,73.41,73.7,69.52
JD,67.85,68.65,68.88,69.5,66.18,34,71.07,73.75,74.005,70.78
JD,67.8,67.71,67.32,68.88,67.545,35,67.85,68.65,69.5,66.18
JD,67.26,65.87,67.01,67.32,65.56,36,67.8,67.71,68.88,67.545
JD,66.39,65.63,71.67,67.01,64.7,37,67.26,65.87,67.32,65.56
JD,65.92,70.4,70.92,71.67,65.79,38,66.39,65.63,67.01,64.7
JD,69.59,70.07,69.49,70.92,69.32,39,65.92,70.4,71.67,65.79
JD,69.0,68.33,67.84,69.49,66.87,40,69.59,70.07,70.92,69.32
JD,67.52,64.2,65.5887,67.84,63.11,41,69.0,68.33,69.49,66.87
JD,63.49,63.02,68.075,65.5887,62.17,42,67.52,64.2,67.84,63.11
JD,65.25,66.78,69.68,68.075,63.665,43,63.49,63.02,65.5887,62.17
JD,68.08,68.24,71.06,69.68,67.13,44,65.25,66.78,68.075,63.665
JD,69.77,69.6,76.83,71.06,68.1685,45,68.08,68.24,69.68,67.13
JD,71.0,76.76,78.6,76.83,70.425,46,69.77,69.6,71.06,68.1685
JD,78.1,76.4,74.47,78.6,75.86,47,71.0,76.76,76.83,70.425
JD,74.26,71.44,74.015,74.47,71.15,48,78.1,76.4,78.6,75.86
JD,73.92,73.72,74.93,74.015,71.93,49,74.26,71.44,74.47,71.15
JD,71.29,73.4,74.22,74.93,71.0901,50,73.92,73.72,74.015,71.93
JD,73.22,72.3,81.24,74.22,72.03,51,71.29,73.4,74.93,71.0901
JD,77.25,77.0,77.68,81.24,76.77,52,73.22,72.3,74.22,72.03
JD,77.47,73.46,72.52,77.68,72.66,53,77.25,77.0,81.24,76.77
JD,72.43,71.74,72.97,72.52,68.11,54,77.47,73.46,77.68,72.66
JD,70.41,72.15,73.49,72.97,70.2,55,72.43,71.74,72.52,68.11
JD,72.96,71.11,70.8,73.49,70.51,56,70.41,72.15,72.97,70.2
JD,70.75,66.68,69.42,70.8,65.785,57,72.96,71.11,73.49,70.51
JD,67.63,69.34,74.95,69.42,66.2,58,70.75,66.68,70.8,65.785
JD,71.87,74.88,75.89,74.95,71.79,59,67.63,69.34,69.42,66.2
JD,74.4,75.08,75.71,75.89,73.84,60,71.87,74.88,74.95,71.79
JD,75.49,73.21,73.3,75.71,72.41,61,74.4,75.08,75.89,73.84
JD,72.245,71.85,74.95,73.3,71.33,62,75.49,73.21,75.71,72.41
JD,71.92,73.77,74.99,74.95,71.86,63,72.245,71.85,73.3,71.33
JD,74.13,73.15,76.07,74.99,72.81,64,71.92,73.77,74.95,71.86
JD,73.11,75.36,78.67,76.07,72.05,65,74.13,73.15,74.99,72.81
JD,76.895,78.29,78.39,78.67,76.61,66,73.11,75.36,76.07,72.05
JD,75.91,76.4,76.55,78.39,75.24,67,76.895,78.29,78.67,76.61
JD,76.0,73.98,74.62,76.55,73.55,68,75.91,76.4,78.39,75.24
JD,73.88,74.45,76.35,74.62,73.01,69,76.0,73.98,76.55,73.55
JD,75.35,76.13,75.84,76.35,74.8,70,73.88,74.45,74.62,73.01
JD,75.8,75.3,76.58,75.84,74.44,71,75.35,76.13,76.35,74.8
JD,74.92,74.55,73.34,76.58,74.43,72,75.8,75.3,75.84,74.44
JD,72.25,71.86,71.83,73.34,70.48,73,74.92,74.55,76.58,74.43
JD,70.15,70.98,72.95,71.83,69.76,74,72.25,71.86,73.34,70.48
JD,72.25,70.54,70.99,72.95,70.05,75,70.15,70.98,71.83,69.76
JD,67.0,70.91,72.75,70.99,66.11,76,72.25,70.54,72.95,70.05
JD,71.29,72.5,71.79,72.75,70.17,77,67.0,70.91,70.99,66.11
JD,71.0,71.63,74.99,71.79,70.22,78,71.29,72.5,72.75,70.17
JD,72.44,73.3,72.94,74.99,72.13,79,71.0,71.63,71.79,70.22
JD,72.86,71.79,73.83,72.94,70.3476,80,72.44,73.3,74.99,72.13
JD,73.12,67.83,67.23,73.83,66.76,81,72.86,71.79,72.94,70.3476
JD,66.36,63.59,64.11,67.23,63.15,82,73.12,67.83,73.83,66.76
JD,63.28,60.52,60.13,64.11,60.3,83,66.36,63.59,67.23,63.15
JD,59.96,58.69,62.78,60.13,56.41,84,63.28,60.52,64.11,60.3
JD,61.47,62.4,55.36,62.78,60.31,85,59.96,58.69,60.13,56.41
JD,53.0,52.52,54.09,55.36,50.601,86,61.47,62.4,62.78,60.31
JD,54.01,47.99,45.77,54.09,47.85,87,53.0,52.52,55.36,50.601
JD,42.99,42.94,48.22,45.77,41.56,88,54.01,47.99,54.09,47.85
JD,41.69,45.98,64.28,48.22,41.63,89,42.99,42.94,45.77,41.56
GO,23.36,23.32,23.4549,23.48,22.78,1,23.52,23.04,23.8,22.98
GO,23.36,22.93,23.36,23.4549,22.89,2,23.36,23.32,23.48,22.78
GO,23.0,23.16,26.59,23.36,22.88,3,23.36,22.93,23.4549,22.89
GO,24.52,26.0,26.525,26.59,24.35,4,23.0,23.16,23.36,22.88
GO,24.95,26.45,27.885,26.525,24.88,5,24.52,26.0,26.59,24.35
GO,26.38,27.76,28.22,27.885,26.38,6,24.95,26.45,26.525,24.88
GO,27.53,27.82,28.27,28.22,27.22,7,26.38,27.76,27.885,26.38
GO,27.93,28.21,28.54,28.27,27.45,8,27.53,27.82,28.22,27.22
GO,28.25,27.6,27.7843,28.54,27.25,9,27.93,28.21,28.27,27.45
GO,27.63,27.64,28.08,27.7843,27.25,10,28.25,27.6,28.54,27.25
GO,27.75,27.82,28.68,28.08,27.59,11,27.63,27.64,27.7843,27.25
GO,27.95,28.42,29.09,28.68,27.76,12,27.75,27.82,28.08,27.59
GO,28.7,29.0,29.17,29.09,28.25,13,27.95,28.42,28.68,27.76
GO,28.76,28.95,29.29,29.17,28.295,14,28.7,29.0,29.09,28.25
GO,28.9,28.52,29.1,29.29,28.3912,15,28.76,28.95,29.17,28.295
GO,28.3,28.92,29.1297,29.1,28.19,16,28.9,28.52,29.29,28.3912
GO,28.81,28.96,29.14,29.1297,26.955,17,28.3,28.92,29.1,28.19
GO,29.02,27.62,28.42,29.14,27.61,18,28.81,28.96,29.1297,26.955
GO,27.98,27.68,27.74,28.42,27.58,19,29.02,27.62,29.14,27.61
GO,27.6,27.1,28.18,27.74,27.07,20,27.98,27.68,28.42,27.58
GO,27.05,27.97,28.575,28.18,27.01,21,27.6,27.1,27.74,27.07
GO,28.16,27.34,27.76,28.575,27.24,22,27.05,27.97,28.18,27.01
GO,27.42,27.59,27.865,27.76,27.21,23,28.16,27.34,28.575,27.24
GO,27.17,27.49,27.97,27.865,27.3,24,27.42,27.59,27.76,27.21
GO,27.61,27.85,28.36,27.97,27.35,25,27.17,27.49,27.865,27.3
GO,27.71,28.16,28.45,28.36,27.62,26,27.61,27.85,27.97,27.35
GO,28.16,28.41,28.69,28.45,28.03,27,27.71,28.16,28.36,27.62
GO,28.22,28.46,28.68,28.69,27.7305,28,28.16,28.41,28.45,28.03
GO,28.13,28.61,29.08,28.68,27.92,29,28.22,28.46,28.69,27.7305
GO,28.65,28.79,29.01,29.08,28.34,30,28.13,28.61,28.68,27.92
GO,28.75,28.74,28.945,29.01,28.385,31,28.65,28.79,29.08,28.34
GO,28.75,28.5,28.59,28.945,28.2,32,28.75,28.74,29.01,28.385
GO,28.5,27.88,28.2395,28.59,27.45,33,28.75,28.5,28.945,28.2
GO,27.81,28.05,28.55,28.2395,27.5,34,28.5,27.88,28.59,27.45
GO,28.09,28.4,28.73,28.55,27.75,35,27.81,28.05,28.2395,27.5
GO,28.43,28.59,28.72,28.73,28.3,36,28.09,28.4,28.55,27.75
GO,28.54,28.35,28.74,28.72,28.25,37,28.43,28.59,28.73,28.3
GO,28.5,28.25,28.54,28.74,28.23,38,28.54,28.35,28.72,28.25
GO,28.29,28.28,28.88,28.54,28.15,39,28.5,28.25,28.74,28.23
GO,28.24,28.56,28.71,28.88,28.11,40,28.29,28.28,28.54,28.15
GO,28.56,27.85,28.325,28.71,27.84,41,28.24,28.56,28.88,28.11
GO,27.85,27.31,27.54,28.325,27.2,42,28.56,27.85,28.71,27.84
GO,27.355,26.83,27.99,27.54,26.79,43,27.85,27.31,28.325,27.2
GO,26.92,27.9,28.01,27.99,26.765,44,27.355,26.83,27.54,26.79
GO,28.05,27.92,27.85,28.01,27.28,45,26.92,27.9,27.99,26.765
GO,27.71,27.28,27.3,27.85,27.17,46,28.05,27.92,28.01,27.28
GO,27.26,27.11,27.69,27.3,26.79,47,27.71,27.28,27.85,27.17
GO,27.13,27.45,27.43,27.69,26.78,48,27.26,27.11,27.3,26.79
GO,27.15,26.43,26.26,27.43,26.1003,49,27.13,27.45,27.69,26.78
GO,26.17,25.45,25.32,26.26,25.4,50,27.15,26.43,27.43,26.1003
GO,24.25,24.99,25.73,25.32,24.14,51,26.17,25.45,26.26,25.4
GO,25.28,25.02,25.56,25.73,24.915,52,24.25,24.99,25.32,24.14
GO,25.13,25.14,25.45,25.56,24.98,53,25.28,25.02,25.73,24.915
GO,24.78,25.36,25.175,25.45,24.6,54,25.13,25.14,25.56,24.98
GO,25.06,24.88,25.475,25.175,24.115,55,24.78,25.36,25.45,24.6
GO,25.02,25.11,25.88,25.475,24.56,56,25.06,24.88,25.175,24.115
GO,25.13,24.55,24.47,25.88,24.425,57,25.02,25.11,25.475,24.56
GO,24.66,24.42,25.39,24.47,23.69,58,25.13,24.55,25.88,24.425
GO,24.25,25.38,25.54,25.39,24.13,59,24.66,24.42,24.47,23.69
GO,25.35,25.46,25.965,25.54,24.84,60,24.25,25.38,25.39,24.13
GO,25.47,25.63,25.825,25.965,25.33,61,25.35,25.46,25.54,24.84
GO,25.76,25.26,25.38,25.825,25.05,62,25.47,25.63,25.965,25.33
GO,25.13,25.25,25.52,25.38,24.61,63,25.76,25.26,25.825,25.05
GO,25.34,24.93,25.67,25.52,24.86,64,25.13,25.25,25.38,24.61
GO,24.68,25.49,26.41,25.67,24.6,65,25.34,24.93,25.52,24.86
GO,25.63,26.39,26.4983,26.41,25.39,66,24.68,25.49,25.67,24.6
GO,26.32,26.01,26.76,26.4983,25.74,67,25.63,26.39,26.41,25.39
GO,26.26,26.51,26.66,26.76,25.84,68,26.32,26.01,26.4983,25.74
GO,26.6,26.14,27.2,26.66,25.745,69,26.26,26.51,26.76,25.84
GO,26.34,27.18,27.33,27.2,26.24,70,26.6,26.14,26.66,25.745
GO,27.19,27.11,27.6599,27.33,26.62,71,26.34,27.18,27.2,26.24
GO,26.97,27.56,27.74,27.6599,26.74,72,27.19,27.11,27.33,26.62
GO,27.4,26.65,26.61,27.74,26.59,73,26.97,27.56,27.6599,26.74
GO,26.29,25.65,26.13,26.61,25.57,74,27.4,26.65,27.74,26.59
GO,25.94,25.41,25.79,26.13,25.31,75,26.29,25.65,26.61,25.57
GO,25.0,25.68,27.922,25.79,24.465,76,25.94,25.41,26.13,25.31
GO,25.98,27.87,28.51,27.922,25.72,77,25.0,25.68,25.79,24.465
GO,27.64,27.81,28.34,28.51,27.48,78,25.98,27.87,27.922,25.72
GO,28.14,28.17,27.81,28.34,27.605,79,27.64,27.81,28.51,27.48
GO,27.75,27.23,29.36,27.81,26.52,80,28.14,28.17,28.34,27.605
GO,27.37,29.01,29.83,29.36,27.23,81,27.75,27.23,27.81,26.52
GO,28.77,29.32,30.7534,29.83,28.48,82,27.37,29.01,29.36,27.23
GO,29.23,29.54,31.13,30.7534,29.07,83,28.77,29.32,29.83,28.48
GO,29.32,29.9,30.3139,31.13,29.31,84,29.23,29.54,30.7534,29.07
GO,30.15,29.09,29.71,30.3139,28.95,85,29.32,29.9,31.13,29.31
GO,28.77,29.55,29.885,29.71,28.62,86,30.15,29.09,30.3139,28.95
GO,29.49,29.4,29.41,29.885,29.24,87,28.77,29.55,29.71,28.62
GO,29.16,28.08,30.22,29.41,27.87,88,29.49,29.4,29.885,29.24
GO,27.82,30.1,31.58,30.22,27.82,89,29.16,28.08,29.41,27.87
FWONK,57.45,58.42,58.835,59.52,57.005,1,55.8,57.1,57.3044,55.7101
FWONK,58.53,58.08,58.35,58.835,57.88,2,57.45,58.42,59.52,57.005
FWONK,58.34,57.84,58.56,58.35,56.92,3,58.53,58.08,58.835,57.88
FWONK,58.05,58.5,59.07,58.56,57.725,4,58.34,57.84,58.35,56.92
FWONK,58.61,58.93,59.34,59.07,58.31,5,58.05,58.5,58.56,57.725
FWONK,59.03,58.58,59.63,59.34,58.26,6,58.61,58.93,59.07,58.31
FWONK,58.91,59.63,60.53,59.63,58.395,7,59.03,58.58,59.34,58.26
FWONK,59.66,60.01,60.44,60.53,58.75,8,58.91,59.63,59.63,58.395
FWONK,60.25,60.2,60.6,60.44,59.62,9,59.66,60.01,60.53,58.75
FWONK,60.36,60.0,59.99,60.6,59.195,10,60.25,60.2,60.44,59.62
FWONK,59.67,59.68,60.44,59.99,58.775,11,60.36,60.0,60.6,59.195
FWONK,60.31,59.6,60.74,60.44,59.05,12,59.67,59.68,59.99,58.775
FWONK,59.9,60.55,61.64,60.74,59.63,13,60.31,59.6,60.44,59.05
FWONK,60.99,60.82,59.81,61.64,60.54,14,59.9,60.55,60.74,59.63
FWONK,59.89,59.27,60.18,59.81,58.155,15,60.99,60.82,61.64,60.54
FWONK,59.58,60.05,61.11,60.18,59.33,16,59.89,59.27,59.81,58.155
FWONK,60.01,60.92,62.33,61.11,59.13,17,59.58,60.05,60.18,59.33
FWONK,61.5,58.61,60.98,62.33,58.54,18,60.01,60.92,61.11,59.13
FWONK,58.23,60.94,61.44,60.98,58.23,19,61.5,58.61,62.33,58.54
FWONK,61.1,60.8,62.14,61.44,60.1001,20,58.23,60.94,60.98,58.23
FWONK,60.93,62.05,62.42,62.14,60.15,21,61.1,60.8,61.44,60.1001
FWONK,61.63,61.73,62.19,62.42,60.41,22,60.93,62.05,62.14,60.15
FWONK,62.05,61.29,61.76,62.19,60.86,23,61.63,61.73,62.42,60.41
FWONK,60.71,60.0,61.07,61.76,59.9,24,62.05,61.29,62.19,60.86
FWONK,60.85,60.52,61.1,61.07,59.145,25,60.71,60.0,61.76,59.9
FWONK,60.44,60.23,60.39,61.1,59.82,26,60.85,60.52,61.07,59.145
FWONK,59.89,60.03,60.94,60.39,59.3,27,60.44,60.23,61.1,59.82
FWONK,59.8,60.94,61.12,60.94,59.52,28,59.89,60.03,60.39,59.3
FWONK,60.81,58.72,59.765,61.12,58.37,29,59.8,60.94,60.94,59.52
FWONK,58.7,59.42,59.37,59.765,57.99,30,60.81,58.72,61.12,58.37
FWONK,58.82,59.21,61.36,59.37,58.2701,31,58.7,59.42,59.765,57.99
FWONK,59.53,60.63,61.67,61.36,59.21,32,58.82,59.21,59.37,58.2701
FWONK,60.55,61.5,62.13,61.67,60.26,33,59.53,60.63,61.36,59.21
FWONK,61.7,61.39,62.57,62.13,61.33,34,60.55,61.5,61.67,60.26
FWONK,61.24,62.31,62.8,62.57,60.995,35,61.7,61.39,62.13,61.33
FWONK,62.155,61.67,62.44,62.8,61.23,36,61.24,62.31,62.57,60.995
FWONK,61.7,62.24,63.46,62.44,61.245,37,62.155,61.67,62.8,61.23
FWONK,62.52,63.0,63.36,63.46,61.51,38,61.7,62.24,62.44,61.245
FWONK,63.1,63.24,65.237,63.36,62.65,39,62.52,63.0,63.46,61.51
FWONK,63.14,64.25,65.22,65.237,62.5,40,63.1,63.24,63.36,62.65
FWONK,64.75,63.23,63.85,65.22,63.06,41,63.14,64.25,65.237,62.5
FWONK,63.08,63.16,64.2,63.85,62.75,42,64.75,63.23,65.22,63.06
FWONK,63.79,63.79,64.0,64.2,63.17,43,63.08,63.16,63.85,62.75
FWONK,63.79,62.88,63.79,64.0,62.55,44,63.79,63.79,64.2,63.17
FWONK,63.34,62.69,63.35,63.79,61.43,45,63.79,62.88,64.0,62.55
FWONK,62.58,63.09,63.6396,63.35,61.94,46,63.34,62.69,63.79,61.43
FWONK,62.9,63.28,63.68,63.6396,62.41,47,62.58,63.09,63.35,61.94
FWONK,63.47,63.05,63.19,63.68,62.77,48,62.9,63.28,63.6396,62.41
FWONK,62.86,62.96,63.17,63.19,62.24,49,63.47,63.05,63.68,62.77
FWONK,62.995,62.17,62.65,63.17,61.85,50,62.86,62.96,63.19,62.24
FWONK,62.08,61.93,63.2,62.65,61.615,51,62.995,62.17,63.17,61.85
FWONK,62.1,61.41,61.41,63.2,61.23,52,62.08,61.93,62.65,61.615
FWONK,60.9,60.81,60.23,61.41,60.27,53,62.1,61.41,63.2,61.23
FWONK,59.84,58.32,58.43,60.23,57.28,54,60.9,60.81,61.41,60.27
FWONK,57.78,56.94,58.035,58.43,56.1,55,59.84,58.32,60.23,57.28
FWONK,57.695,56.78,58.715,58.035,55.7,56,57.78,56.94,58.43,56.1
FWONK,57.13,57.36,58.23,58.715,56.88,57,57.695,56.78,58.035,55.7
FWONK,56.85,58.16,60.36,58.23,56.515,58,57.13,57.36,58.715,56.88
FWONK,58.63,60.23,61.18,60.36,57.985,59,56.85,58.16,58.23,56.515
FWONK,60.38,60.17,60.9,61.18,59.24,60,58.63,60.23,60.36,57.985
FWONK,59.89,60.58,60.81,60.9,59.42,61,60.38,60.17,61.18,59.24
FWONK,59.99,59.85,61.31,60.81,59.65,62,59.89,60.58,60.9,59.42
FWONK,59.42,60.81,61.88,61.31,59.16,63,59.99,59.85,60.81,59.65
FWONK,60.71,61.84,62.15,61.88,60.33,64,59.42,60.81,61.31,59.16
FWONK,61.4,61.82,63.105,62.15,61.25,65,60.71,61.84,61.88,60.33
FWONK,62.44,62.9,63.8,63.105,61.96,66,61.4,61.82,62.15,61.25
FWONK,62.58,63.1,63.45,63.8,62.29,67,62.44,62.9,63.105,61.96
FWONK,63.29,62.46,63.07,63.45,61.785,68,62.58,63.1,63.8,62.29
FWONK,62.56,62.29,63.83,63.07,61.77,69,63.29,62.46,63.45,61.785
FWONK,63.64,63.29,63.68,63.83,62.78,70,62.56,62.29,63.07,61.77
FWONK,62.94,63.33,63.42,63.68,62.77,71,63.64,63.29,63.83,62.78
FWONK,62.87,62.98,63.62,63.42,62.03,72,62.94,63.33,63.68,62.77
FWONK,62.77,63.03,63.1,63.62,62.34,73,62.87,62.98,63.42,62.03
FWONK,62.52,61.87,62.55,63.1,61.74,74,62.77,63.03,63.62,62.34
FWONK,62.46,61.03,63.36,62.55,60.98,75,62.52,61.87,63.1,61.74
FWONK,59.75,62.81,63.8495,63.36,59.64,76,62.46,61.03,62.55,60.98
FWONK,62.81,62.68,62.45,63.8495,61.01,77,59.75,62.81,63.36,59.64
FWONK,62.0,60.73,60.97,62.45,59.99,78,62.81,62.68,63.8495,61.01
FWONK,60.055,59.01,61.21,60.97,58.53,79,62.0,60.73,62.45,59.99
FWONK,59.59,60.67,61.3,61.21,58.94,80,60.055,59.01,60.97,58.53
FWONK,61.3,59.68,59.38,61.3,59.32,81,59.59,60.67,61.21,58.94
FWONK,59.31,58.66,58.26,59.38,57.8906,82,61.3,59.68,61.3,59.32
FWONK,58.21,56.77,57.68,58.26,56.43,83,59.31,58.66,59.38,57.8906
FWONK,56.93,56.24,58.11,57.68,55.675,84,58.21,56.77,58.26,56.43
FWONK,57.41,57.67,57.54,58.11,57.04,85,56.93,56.24,57.68,55.675
FWONK,56.85,57.48,58.28,57.54,56.67,86,57.41,57.67,58.11,57.04
FWONK,58.02,57.72,58.29,58.28,57.25,87,56.85,57.48,57.54,56.67
FWONK,57.61,57.3,58.14,58.29,57.0,88,58.02,57.72,58.28,57.25
FWONK,57.46,57.78,59.52,58.14,56.74,89,57.61,57.3,58.29,57.0
ACI,34.955,34.8,34.7,35.61,34.18,1,34.53,34.75,35.226,34.3059
ACI,34.67,33.36,34.1,34.7,33.3,2,34.955,34.8,35.61,34.18
ACI,33.5,33.76,34.07,34.1,33.4,3,34.67,33.36,34.7,33.3
ACI,33.47,34.02,34.95,34.07,32.81,4,33.5,33.76,34.1,33.4
ACI,34.45,34.68,35.37,34.95,34.02,5,33.47,34.02,34.07,32.81
ACI,34.72,35.03,35.96,35.37,34.61,6,34.45,34.68,34.95,34.02
ACI,35.5,34.81,34.8384,35.96,34.73,7,34.72,35.03,35.37,34.61
ACI,34.5,33.98,34.45,34.8384,33.5,8,35.5,34.81,35.96,34.73
ACI,34.35,34.11,35.1,34.45,33.87,9,34.5,33.98,34.8384,33.5
ACI,34.45,34.73,35.0,35.1,34.34,10,34.35,34.11,34.45,33.87
ACI,34.78,33.77,36.52,35.0,33.68,11,34.45,34.73,35.1,34.34
ACI,34.48,36.18,36.36,36.52,34.25,12,34.78,33.77,35.0,33.68
ACI,36.01,35.26,35.17,36.36,35.07,13,34.48,36.18,36.52,34.25
ACI,35.09,34.83,36.6,35.17,34.3601,14,36.01,35.26,36.36,35.07
ACI,34.47,35.72,36.3,36.6,34.3005,15,35.09,34.83,35.17,34.3601
ACI,35.56,35.43,36.08,36.3,35.11,16,34.47,35.72,36.6,34.3005
ACI,35.12,35.19,35.85,36.08,34.83,17,35.56,35.43,36.3,35.11
ACI,35.29,34.25,36.09,35.85,34.12,18,35.12,35.19,36.08,34.83
ACI,34.54,35.98,36.43,36.09,34.26,19,35.29,34.25,35.85,34.12
ACI,36.16,35.7,37.17,36.43,35.34,20,34.54,35.98,36.09,34.26
ACI,35.68,36.81,37.85,37.17,35.11,21,36.16,35.7,36.43,35.34
ACI,37.06,35.84,35.81,37.85,35.55,22,35.68,36.81,37.17,35.11
ACI,35.08,31.84,30.9,35.81,31.03,23,37.06,35.84,37.85,35.55
ACI,30.63,30.51,31.12,30.9,30.3,24,35.08,31.84,35.81,31.03
ACI,30.64,30.7,31.95,31.12,30.26,25,30.63,30.51,30.9,30.3
ACI,30.72,31.32,31.28,31.95,30.39,26,30.64,30.7,31.12,30.26
ACI,31.28,30.25,30.53,31.28,29.7232,27,30.72,31.32,31.95,30.39
ACI,30.04,30.13,31.04,30.53,29.4,28,31.28,30.25,31.28,29.7232
ACI,30.29,30.63,31.09,31.04,30.18,29,30.04,30.13,30.53,29.4
ACI,30.94,30.84,31.33,31.09,30.47,30,30.29,30.63,31.04,30.18
ACI,30.7,30.02,30.35,31.33,29.9538,31,30.94,30.84,31.09,30.47
ACI,30.37,29.84,30.35,30.35,29.755,32,30.7,30.02,31.33,29.9538
ACI,30.02,29.8,30.55,30.35,29.57,33,30.37,29.84,30.35,29.755
ACI,29.98,29.9,30.1299,30.55,29.775,34,30.02,29.8,30.35,29.57
ACI,30.03,29.54,29.88,30.1299,29.31,35,29.98,29.9,30.55,29.775
ACI,29.6,29.83,30.77,29.88,29.135,36,30.03,29.54,30.1299,29.31
ACI,29.96,30.05,30.55,30.77,29.44,37,29.6,29.83,29.88,29.135
ACI,30.38,30.17,30.7,30.55,30.11,38,29.96,30.05,30.77,29.44
ACI,30.01,30.19,30.42,30.7,29.94,39,30.38,30.17,30.55,30.11
ACI,30.21,29.34,29.8194,30.42,29.27,40,30.01,30.19,30.7,29.94
ACI,29.65,29.65,30.92,29.8194,29.19,41,30.21,29.34,30.42,29.27
ACI,29.8,29.95,31.48,30.92,29.65,42,29.65,29.65,29.8194,29.19
ACI,30.07,31.21,32.32,31.48,29.73,43,29.8,29.95,30.92,29.65
ACI,31.48,31.21,32.2,32.32,31.2,44,30.07,31.21,31.48,29.73
ACI,31.77,31.9,31.75,32.2,30.65,45,31.48,31.21,32.32,31.2
ACI,31.73,28.79,29.94,31.75,28.4,46,31.77,31.9,32.2,30.65
ACI,28.79,29.63,31.26,29.94,28.55,47,31.73,28.79,31.75,28.4
ACI,29.95,30.98,31.87,31.26,30.0,48,28.79,29.63,29.94,28.55
ACI,30.81,30.94,30.92,31.87,30.511,49,29.95,30.98,31.26,30.0
ACI,30.56,30.47,31.125,30.92,30.215,50,30.81,30.94,31.87,30.511
ACI,30.87,29.37,29.52,31.125,28.95,51,30.56,30.47,30.92,30.215
ACI,29.37,28.2,28.47,29.52,28.115,52,30.87,29.37,31.125,28.95
ACI,28.25,28.28,28.58,28.47,27.82,53,29.37,28.2,29.52,28.115
ACI,27.91,28.46,28.38,28.58,27.65,54,28.25,28.28,28.47,27.82
ACI,27.98,27.08,27.73,28.38,26.8,55,27.91,28.46,28.58,27.65
ACI,27.5,26.82,27.91,27.73,26.64,56,27.98,27.08,28.38,26.8
ACI,27.24,27.46,27.255,27.91,27.1,57,27.5,26.82,27.73,26.64
ACI,27.17,26.85,28.15,27.255,26.27,58,27.24,27.46,27.91,27.1
ACI,26.92,28.15,28.45,28.15,26.759,59,27.17,26.85,27.255,26.27
ACI,27.73,28.16,28.7,28.45,27.49,60,26.92,28.15,28.15,26.759
ACI,28.18,28.43,28.7799,28.7,27.98,61,27.73,28.16,28.45,27.49
ACI,28.18,28.47,28.3,28.7799,28.04,62,28.18,28.43,28.7,27.98
ACI,28.09,28.1,28.587,28.3,27.67,63,28.18,28.47,28.7799,28.04
ACI,28.3,28.24,29.15,28.587,28.02,64,28.09,28.1,28.3,27.67
ACI,28.35,28.92,29.34,29.15,28.17,65,28.3,28.24,28.587,28.02
ACI,29.1,28.97,29.173,29.34,28.9,66,28.35,28.92,29.15,28.17
ACI,28.81,28.56,29.15,29.173,28.34,67,29.1,28.97,29.34,28.9
ACI,28.56,28.43,28.895,29.15,28.19,68,28.81,28.56,29.173,28.34
ACI,28.42,28.79,29.7,28.895,28.06,69,28.56,28.43,29.15,28.19
ACI,29.17,29.29,29.35,29.7,28.9,70,28.42,28.79,28.895,28.06
ACI,29.11,28.78,29.19,29.35,28.47,71,29.17,29.29,29.7,28.9
ACI,28.78,28.75,29.52,29.19,28.6,72,29.11,28.78,29.35,28.47
ACI,29.01,29.01,29.18,29.52,28.67,73,28.78,28.75,29.19,28.6
ACI,28.96,28.29,28.78,29.18,28.05,74,29.01,29.01,29.52,28.67
ACI,28.35,28.4,29.18,28.78,28.23,75,28.96,28.29,29.18,28.05
ACI,27.66,29.0,29.98,29.18,27.51,76,28.35,28.4,28.78,28.23
ACI,29.33,29.72,29.7799,29.98,29.125,77,27.66,29.0,29.18,27.51
ACI,29.62,29.15,32.06,29.7799,28.96,78,29.33,29.72,29.98,29.125
ACI,30.16,31.4,32.01,32.06,30.0,79,29.62,29.15,29.7799,28.96
ACI,31.14,31.99,35.78,32.01,31.04,80,30.16,31.4,32.06,30.0
ACI,32.65,35.7,37.37,35.78,32.25,81,31.14,31.99,32.01,31.04
ACI,34.9,36.16,37.99,37.37,34.0101,82,32.65,35.7,35.78,32.25
ACI,36.79,35.63,36.73,37.99,35.34,83,34.9,36.16,37.37,34.0101
ACI,35.5,35.34,35.97,36.73,34.76,84,36.79,35.63,37.99,35.34
ACI,35.14,34.68,34.98,35.97,34.64,85,35.5,35.34,36.73,34.76
ACI,34.36,34.58,35.5,34.98,33.84,86,35.14,34.68,35.97,34.64
ACI,35.16,34.41,35.95,35.5,34.29,87,34.36,34.58,34.98,33.84
ACI,34.25,35.27,35.6,35.95,33.86,88,35.16,34.41,35.5,34.29
ACI,35.0,35.58,36.49,35.6,34.631,89,34.25,35.27,35.95,33.86
DHI,90.84,92.5,93.67,93.02,90.49,1,89.86,90.15,92.36,89.5
DHI,92.74,92.72,98.32,93.67,92.02,2,90.84,92.5,93.02,90.49
DHI,95.14,97.52,98.24,98.32,95.0,3,92.74,92.72,93.67,92.02
DHI,96.92,95.02,97.06,98.24,94.23,4,95.14,97.52,98.32,95.0
DHI,95.67,96.36,97.94,97.06,94.92,5,96.92,95.02,98.24,94.23
DHI,96.62,97.79,98.39,97.94,96.36,6,95.67,96.36,97.06,94.92
DHI,97.98,97.3,99.73,98.39,97.0,7,96.62,97.79,97.94,96.36
DHI,97.56,99.11,101.89,99.73,96.8801,8,97.98,97.3,98.39,97.0
DHI,99.83,101.54,102.65,101.89,99.31,9,97.56,99.11,99.73,96.8801
DHI,102.03,101.84,104.34,102.65,101.12,10,99.83,101.54,101.89,99.31
DHI,102.05,102.17,103.13,104.34,101.94,11,102.03,101.84,102.65,101.12
DHI,102.37,100.17,101.9,103.13,100.11,12,102.05,102.17,104.34,101.94
DHI,99.53,101.75,102.0,101.9,98.95,13,102.37,100.17,103.13,100.11
DHI,101.51,101.09,100.47,102.0,100.5,14,99.53,101.75,101.9,98.95
DHI,98.95,98.75,100.0,100.47,97.71,15,101.51,101.09,102.0,100.5
DHI,99.7,98.76,100.78,100.0,97.395,16,98.95,98.75,100.47,97.71
DHI,98.74,97.7,100.53,100.78,96.81,17,99.7,98.76,100.0,97.395
DHI,97.29,97.76,103.17,100.53,97.39,18,98.74,97.7,100.78,96.81
DHI,98.91,102.78,104.05,103.17,98.09,19,97.29,97.76,100.53,97.39
DHI,104.03,102.54,106.23,104.05,101.23,20,98.91,102.78,103.17,98.09
DHI,104.22,105.71,107.025,106.23,103.65,21,104.03,102.54,104.05,101.23
DHI,106.51,106.16,108.09,107.025,105.23,22,104.22,105.71,106.23,103.65
DHI,107.2,106.98,108.87,108.09,106.0,23,106.51,106.16,107.025,105.23
DHI,106.69,106.96,109.76,108.87,106.16,24,107.2,106.98,108.09,106.0
DHI,107.995,109.65,110.45,109.76,107.49,25,106.69,106.96,108.87,106.16
DHI,109.66,108.02,106.8,110.45,107.76,26,107.995,109.65,109.76,107.49
DHI,106.16,104.74,107.6,106.8,104.13,27,109.66,108.02,110.45,107.76
DHI,105.71,107.37,106.655,107.6,104.29,28,106.16,104.74,106.8,104.13
DHI,106.15,104.47,104.69,106.655,103.71,29,105.71,107.37,107.6,104.29
DHI,104.27,103.02,101.93,104.69,102.3,30,106.15,104.47,106.655,103.71
DHI,101.91,101.38,103.57,101.93,99.24,31,104.27,103.02,104.69,102.3
DHI,102.45,103.49,105.8184,103.57,102.07,32,101.91,101.38,101.93,99.24
DHI,103.825,105.58,106.21,105.8184,103.49,33,102.45,103.49,103.57,102.07
DHI,105.97,104.92,106.25,106.21,104.5,34,103.825,105.58,105.8184,103.49
DHI,105.48,106.21,107.8,106.25,105.08,35,105.97,104.92,106.21,104.5
DHI,106.2,106.95,108.83,107.8,106.12,36,105.48,106.21,106.25,105.08
DHI,107.08,108.36,108.88,108.83,106.6,37,106.2,106.95,107.8,106.12
DHI,108.55,107.51,108.99,108.88,107.1255,38,107.08,108.36,108.83,106.6
DHI,107.55,108.45,108.64,108.99,107.07,39,108.55,107.51,108.88,107.1255
DHI,107.81,105.26,106.75,108.64,104.51,40,107.55,108.45,108.99,107.07
DHI,105.89,105.72,108.1,106.75,104.74,41,107.81,105.26,108.64,104.51
DHI,105.67,103.07,102.83,108.1,102.95,42,105.89,105.72,106.75,104.74
DHI,102.66,101.5,101.6,102.83,100.22,43,105.67,103.07,108.1,102.95
DHI,101.45,95.24,95.85,101.6,95.09,44,102.66,101.5,102.83,100.22
DHI,93.58,95.72,99.42,95.85,92.3001,45,101.45,95.24,101.6,95.09
DHI,95.64,98.73,100.535,99.42,94.92,46,93.58,95.72,95.85,92.3001
DHI,98.99,99.43,104.16,100.535,98.27,47,95.64,98.73,99.42,94.92
DHI,103.67,99.76,99.88,104.16,98.82,48,98.99,99.43,100.535,98.27
DHI,98.95,98.53,97.47,99.88,97.06,49,103.67,99.76,104.16,98.82
DHI,97.03,93.42,92.81,97.47,93.11,50,98.95,98.53,99.88,97.06
DHI,91.86,90.33,91.98,92.81,90.02,51,97.03,93.42,97.47,93.11
DHI,91.6,88.36,90.9,91.98,88.05,52,91.86,90.33,92.81,90.02
DHI,87.85,87.87,91.17,90.9,87.31,53,91.6,88.36,91.98,88.05
DHI,85.93,91.09,90.28,91.17,85.11,54,87.85,87.87,90.9,87.31
DHI,89.14,89.45,91.84,90.28,87.02,55,85.93,91.09,91.17,85.11
DHI,90.83,85.85,87.87,91.84,84.72,56,89.14,89.45,90.28,87.02
DHI,86.2,84.02,86.12,87.87,83.31,57,90.83,85.85,91.84,84.72
DHI,84.22,86.05,89.35,86.12,80.65,58,86.2,84.02,87.87,83.31
DHI,85.88,89.22,90.15,89.35,85.85,59,84.22,86.05,86.12,80.65
DHI,89.915,89.45,91.15,90.15,86.31,60,85.88,89.22,89.35,85.85
DHI,89.91,90.85,90.09,91.15,87.84,61,89.915,89.45,90.15,86.31
DHI,89.6,88.18,87.3,90.09,88.07,62,89.91,90.85,91.15,87.84
DHI,87.19,84.02,86.42,87.3,83.73,63,89.6,88.18,90.09,88.07
DHI,84.88,85.34,87.01,86.42,84.32,64,87.19,84.02,87.3,83.73
DHI,85.26,86.85,90.01,87.01,84.33,65,84.88,85.34,86.42,84.32
DHI,88.52,88.75,88.26,90.01,87.91,66,85.26,86.85,87.01,84.33
DHI,86.27,85.03,86.52,88.26,84.68,67,88.52,88.75,90.01,87.91
DHI,85.54,84.24,85.085,86.52,83.63,68,86.27,85.03,88.26,84.68
DHI,83.89,82.95,85.02,85.085,82.61,69,85.54,84.24,86.52,83.63
DHI,83.95,84.81,85.79,85.02,83.59,70,83.89,82.95,85.085,82.61
DHI,83.96,85.3,85.3729,85.79,83.02,71,83.95,84.81,85.02,83.59
DHI,85.05,82.75,83.91,85.3729,82.47,72,83.96,85.3,85.79,83.02
DHI,82.8,83.44,82.87,83.91,81.66,73,85.05,82.75,85.3729,82.47
DHI,82.25,80.4,81.3,82.87,79.85,74,82.8,83.44,83.91,81.66
DHI,81.0,78.15,82.76,81.3,77.91,75,82.25,80.4,82.87,79.85
DHI,76.03,82.31,86.85,82.76,75.53,76,81.0,78.15,81.3,77.91
DHI,81.8,86.02,86.18,86.85,81.6,77,76.03,82.31,82.76,75.53
DHI,85.12,85.4,86.95,86.18,84.38,78,81.8,86.02,86.85,81.6
DHI,85.39,85.83,88.17,86.95,84.92,79,85.12,85.4,86.18,84.38
DHI,86.22,87.58,88.66,88.17,85.75,80,85.39,85.83,86.95,84.92
DHI,88.66,86.51,86.51,88.66,85.76,81,86.22,87.58,88.17,85.75
DHI,86.21,85.4,86.14,86.51,84.26,82,88.66,86.51,88.66,85.76
DHI,85.66,80.09,83.5,86.14,79.72,83,86.21,85.4,86.51,84.26
DHI,79.9,80.36,84.28,83.5,78.855,84,85.66,80.09,86.14,79.72
DHI,82.53,82.65,82.48,84.28,82.25,85,79.9,80.36,83.5,78.855
DHI,80.7,82.4,83.1038,82.48,79.71,86,82.53,82.65,84.28,82.25
DHI,82.72,80.96,81.17,83.1038,80.85,87,80.7,82.4,82.48,79.71
DHI,80.5,77.38,80.67,81.17,76.32,88,82.72,80.96,83.1038,80.85
DHI,78.37,80.41,82.94,80.67,77.43,89,80.5,77.38,81.17,76.32
ASB,22.95,23.01,23.23,23.19,22.765,1,22.87,22.66,23.01,22.36
ASB,23.11,22.86,23.49,23.23,22.665,2,22.95,23.01,23.19,22.765
ASB,22.76,23.38,24.06,23.49,22.59,3,23.11,22.86,23.23,22.665
ASB,23.33,23.92,24.015,24.06,23.3,4,22.76,23.38,23.49,22.59
ASB,23.83,23.89,23.88,24.015,23.73,5,23.33,23.92,24.06,23.3
ASB,23.78,23.67,23.85,23.88,23.48,6,23.83,23.89,24.015,23.73
ASB,23.81,23.64,23.63,23.85,23.57,7,23.78,23.67,23.88,23.48
ASB,23.45,23.52,23.41,23.63,23.33,8,23.81,23.64,23.85,23.57
ASB,23.35,23.3,23.42,23.41,23.115,9,23.45,23.52,23.63,23.33
ASB,23.34,23.28,23.3,23.42,23.09,10,23.35,23.3,23.41,23.115
ASB,22.78,23.25,23.965,23.3,22.53,11,23.34,23.28,23.42,23.09
ASB,23.61,23.58,23.95,23.965,23.5,12,22.78,23.25,23.3,22.53
ASB,23.77,23.88,23.89,23.95,23.68,13,23.61,23.58,23.965,23.5
ASB,23.69,23.59,22.65,23.89,23.52,14,23.77,23.88,23.95,23.68
ASB,22.44,22.33,22.86,22.65,21.895,15,23.69,23.59,23.89,23.52
ASB,22.71,22.62,22.33,22.86,22.34,16,22.44,22.33,22.65,21.895
ASB,21.99,21.9,22.79,22.33,21.79,17,22.71,22.62,22.86,22.34
ASB,22.37,21.76,22.65,22.79,21.75,18,21.99,21.9,22.33,21.79
ASB,22.04,22.44,22.475,22.65,21.84,19,22.37,21.76,22.79,21.75
ASB,22.4,22.03,22.935,22.475,21.885,20,22.04,22.44,22.65,21.84
ASB,22.5,22.64,22.9,22.935,22.395,21,22.4,22.03,22.475,21.885
ASB,22.74,22.54,22.79,22.9,22.325,22,22.5,22.64,22.935,22.395
ASB,22.65,22.29,22.415,22.79,22.225,23,22.74,22.54,22.9,22.325
ASB,22.05,22.23,22.5,22.415,22.0,24,22.65,22.29,22.79,22.225
ASB,22.3,22.48,22.345,22.5,21.84,25,22.05,22.23,22.415,22.0
ASB,22.33,22.11,22.7,22.345,21.905,26,22.3,22.48,22.5,21.84
ASB,22.215,22.52,22.765,22.7,22.155,27,22.33,22.11,22.345,21.905
ASB,22.6,22.6,23.24,22.765,22.18,28,22.215,22.52,22.7,22.155
ASB,22.86,22.61,22.54,23.24,22.555,29,22.6,22.6,22.765,22.18
ASB,22.44,21.8,21.59,22.54,21.62,30,22.86,22.61,23.24,22.555
ASB,21.54,21.49,22.32,21.59,21.01,31,22.44,21.8,22.54,21.62
ASB,21.82,22.23,22.31,22.32,21.75,32,21.54,21.49,21.59,21.01
ASB,22.13,22.21,22.8,22.31,22.02,33,21.82,22.23,22.32,21.75
ASB,22.45,22.46,22.72,22.8,22.27,34,22.13,22.21,22.31,22.02
ASB,22.46,22.72,22.88,22.72,22.29,35,22.45,22.46,22.8,22.27
ASB,22.66,22.7,22.87,22.88,22.57,36,22.46,22.72,22.72,22.29
ASB,22.68,22.76,23.0,22.87,22.63,37,22.66,22.7,22.88,22.57
ASB,22.94,22.6,22.69,23.0,22.565,38,22.68,22.76,22.87,22.63
ASB,22.69,22.59,23.36,22.69,22.44,39,22.94,22.6,23.0,22.565
ASB,22.91,23.14,23.98,23.36,22.76,40,22.69,22.59,22.69,22.44
ASB,23.45,23.79,24.14,23.98,23.29,41,22.91,23.14,23.36,22.76
ASB,24.0,23.82,24.89,24.14,23.755,42,23.45,23.79,23.98,23.29
ASB,24.18,24.87,25.11,24.89,24.0,43,24.0,23.82,24.14,23.755
ASB,24.71,24.93,25.22,25.11,24.64,44,24.18,24.87,24.89,24.0
ASB,25.18,25.04,25.36,25.22,24.74,45,24.71,24.93,25.11,24.64
ASB,25.12,25.36,25.55,25.36,24.85,46,25.18,25.04,25.22,24.74
ASB,25.34,25.09,25.48,25.55,25.015,47,25.12,25.36,25.36,24.85
ASB,25.21,25.14,25.46,25.48,25.03,48,25.34,25.09,25.55,25.015
ASB,24.72,25.46,25.54,25.46,24.63,49,25.21,25.14,25.48,25.03
ASB,25.4,25.05,25.07,25.54,24.98,50,24.72,25.46,25.46,24.63
ASB,24.81,24.36,24.73,25.07,24.32,51,25.4,25.05,25.54,24.98
ASB,24.38,23.81,25.11,24.73,23.78,52,24.81,24.36,25.07,24.32
ASB,23.92,24.33,24.65,25.11,23.86,53,24.38,23.81,24.73,23.78
ASB,24.08,24.56,24.68,24.65,23.79,54,23.92,24.33,25.11,23.86
ASB,24.3,24.42,25.03,24.68,23.77,55,24.08,24.56,24.65,23.79
ASB,24.51,24.54,25.01,25.03,24.17,56,24.3,24.42,24.68,23.77
ASB,24.68,23.82,23.99,25.01,23.63,57,24.51,24.54,25.03,24.17
ASB,23.8,23.97,23.915,23.99,23.4,58,24.68,23.82,25.01,23.63
ASB,23.7,23.9,24.58,23.915,23.37,59,23.8,23.97,23.99,23.4
ASB,23.84,24.54,24.67,24.58,23.84,60,23.7,23.9,23.915,23.37
ASB,24.52,24.55,25.035,24.67,24.31,61,23.84,24.54,24.58,23.84
ASB,24.72,24.56,25.125,25.035,24.46,62,24.52,24.55,24.67,24.31
ASB,24.55,24.92,25.2,25.125,24.49,63,24.72,24.56,25.035,24.46
ASB,24.84,25.03,25.78,25.2,24.74,64,24.55,24.92,25.125,24.49
ASB,25.37,25.71,25.74,25.78,25.3,65,24.84,25.03,25.2,24.74
ASB,25.6,25.28,25.69,25.74,25.195,66,25.37,25.71,25.78,25.3
ASB,25.34,25.3,25.7,25.69,25.115,67,25.6,25.28,25.74,25.195
ASB,25.21,25.18,25.51,25.7,25.015,68,25.34,25.3,25.69,25.115
ASB,25.4,25.03,25.56,25.51,24.74,69,25.21,25.18,25.7,25.015
ASB,25.43,25.44,25.64,25.56,25.2,70,25.4,25.03,25.51,24.74
ASB,25.29,25.54,25.33,25.64,25.11,71,25.43,25.44,25.56,25.2
ASB,25.18,24.75,25.11,25.33,24.735,72,25.29,25.54,25.64,25.11
ASB,24.78,24.89,24.99,25.11,24.65,73,25.18,24.75,25.33,24.735
ASB,24.79,24.71,25.08,24.99,24.545,74,24.78,24.89,25.11,24.65
ASB,24.91,24.28,23.91,25.08,24.155,75,24.79,24.71,24.99,24.545
ASB,23.53,23.82,24.91,23.91,22.98,76,24.91,24.28,25.08,24.155
ASB,24.25,24.88,24.44,24.91,24.06,77,23.53,23.82,23.91,22.98
ASB,24.1,24.39,24.27,24.44,23.83,78,24.25,24.88,24.91,24.06
ASB,24.1,23.39,24.845,24.27,23.09,79,24.1,24.39,24.44,23.83
ASB,24.05,24.68,24.85,24.845,23.55,80,24.1,23.39,24.27,23.09
ASB,24.68,24.47,23.9,24.85,24.23,81,24.05,24.68,24.845,23.55
ASB,23.63,23.44,23.575,23.9,23.17,82,24.68,24.47,24.85,24.23
ASB,23.31,22.43,23.22,23.575,22.42,83,23.63,23.44,23.9,23.17
ASB,22.78,22.41,23.43,23.22,22.27,84,23.31,22.43,23.575,22.42
ASB,22.96,22.92,23.05,23.43,22.81,85,22.78,22.41,23.22,22.27
ASB,22.59,22.88,23.49,23.05,22.53,86,22.96,22.92,23.43,22.81
ASB,23.18,23.21,23.81,23.49,23.0,87,22.59,22.88,23.05,22.53
ASB,23.65,23.43,23.75,23.81,23.205,88,23.18,23.21,23.49,23.0
ASB,23.46,23.12,23.785,23.75,22.75,89,23.65,23.43,23.81,23.205
SPLK,168.03,166.07,168.78,168.61,163.83,1,166.02,166.44,168.6,165.64
SPLK,166.92,168.69,174.92,168.78,165.35,2,168.03,166.07,168.61,163.83
SPLK,169.58,173.31,176.66,174.92,168.565,3,166.92,168.69,168.78,165.35
SPLK,172.0,164.41,166.505,176.66,164.41,4,169.58,173.31,174.92,168.565
SPLK,165.26,163.79,168.095,166.505,163.33,5,172.0,164.41,176.66,164.41
SPLK,164.9,167.82,152.98,168.095,164.56,6,165.26,163.79,166.505,163.33
SPLK,152.5,137.38,141.96,152.98,135.01,7,164.9,167.82,168.095,164.56
SPLK,140.1,141.39,143.6,141.96,138.22,8,152.5,137.38,152.98,135.01
SPLK,141.96,139.53,139.99,143.6,139.25,9,140.1,141.39,141.96,138.22
SPLK,139.56,136.06,138.12,139.99,135.9,10,141.96,139.53,143.6,139.25
SPLK,138.0,132.49,132.75,138.12,132.35,11,139.56,136.06,139.99,135.9
SPLK,132.49,128.16,128.69,132.75,126.89,12,138.0,132.49,138.12,132.35
SPLK,127.4,124.9,125.4952,128.69,124.61,13,132.49,128.16,132.75,126.89
SPLK,123.28,125.07,125.67,125.4952,122.22,14,127.4,124.9,128.69,124.61
SPLK,124.87,124.85,126.29,125.67,123.85,15,123.28,125.07,125.4952,122.22
SPLK,126.14,125.0,126.16,126.29,121.3018,16,124.87,124.85,125.67,123.85
SPLK,125.15,121.0,122.26,126.16,120.12,17,126.14,125.0,126.29,121.3018
SPLK,122.23,111.7,121.34,122.26,111.25,18,125.15,121.0,126.16,120.12
SPLK,115.61,116.92,116.89,121.34,112.21,19,122.23,111.7,122.26,111.25
SPLK,116.68,114.21,116.2,116.89,108.08,20,115.61,116.92,121.34,112.21
SPLK,112.15,113.54,119.63,116.2,108.85,21,116.68,114.21,116.89,108.08
SPLK,116.39,117.99,120.835,119.63,116.28,22,112.15,113.54,116.2,108.85
SPLK,117.71,119.43,118.8,120.835,115.15,23,116.39,117.99,119.63,116.28
SPLK,118.13,113.15,115.27,118.8,112.48,24,117.71,119.43,120.835,115.15
SPLK,114.24,110.84,114.12,115.27,109.51,25,118.13,113.15,118.8,112.48
SPLK,110.9,111.5,111.5,114.12,109.42,26,114.24,110.84,115.27,109.51
SPLK,109.22,109.35,113.9,111.5,107.65,27,110.9,111.5,114.12,109.42
SPLK,109.0,112.82,115.27,113.9,106.53,28,109.22,109.35,111.5,107.65
SPLK,112.05,108.91,111.64,115.27,108.03,29,109.0,112.82,113.9,106.53
SPLK,107.44,111.34,111.83,111.64,105.45,30,112.05,108.91,115.27,108.03
SPLK,109.16,109.61,114.19,111.83,107.82,31,107.44,111.34,111.64,105.45
SPLK,110.85,114.04,115.71,114.19,110.22,32,109.16,109.61,111.83,107.82
SPLK,114.04,114.06,116.82,115.71,112.8,33,110.85,114.04,114.19,110.22
SPLK,113.99,115.92,116.4999,116.82,113.0,34,114.04,114.06,115.71,112.8
SPLK,115.0,115.03,115.42,116.4999,114.31,35,113.99,115.92,116.82,113.0
SPLK,115.01,112.68,115.69,115.42,112.34,36,115.0,115.03,116.4999,114.31
SPLK,112.39,115.5,117.58,115.69,111.691,37,115.01,112.68,115.42,112.34
SPLK,115.5,116.09,116.665,117.58,115.35,38,112.39,115.5,115.69,111.691
SPLK,116.26,115.72,117.23,116.665,115.06,39,115.5,116.09,117.58,115.35
SPLK,116.44,116.96,117.15,117.23,113.0,40,116.26,115.72,116.665,115.06
SPLK,116.62,115.8,115.55,117.15,112.4,41,116.44,116.96,117.23,113.0
SPLK,114.29,112.24,116.17,115.55,112.08,42,116.62,115.8,117.15,112.4
SPLK,111.2,114.58,116.99,116.17,110.495,43,114.29,112.24,115.55,112.08
SPLK,113.74,114.79,118.4854,116.99,112.49,44,111.2,114.58,116.17,110.495
SPLK,112.92,118.32,122.78,118.4854,111.6,45,113.74,114.79,116.99,112.49
SPLK,118.14,122.11,123.94,122.78,116.58,46,112.92,118.32,118.4854,111.6
SPLK,122.95,121.46,122.08,123.94,119.66,47,118.14,122.11,122.78,116.58
SPLK,121.21,120.4,123.46,122.08,119.08,48,122.95,121.46,123.94,119.66
SPLK,119.0,122.62,121.425,123.46,118.72,49,121.21,120.4,122.08,119.08
SPLK,119.0,118.05,121.92,121.425,117.27,50,119.0,122.62,123.46,118.72
SPLK,118.52,118.78,122.0,121.92,118.0,51,119.0,118.05,121.425,117.27
SPLK,120.49,118.1,119.68,122.0,117.92,52,118.52,118.78,121.92,118.0
SPLK,116.66,115.28,121.5499,119.68,115.01,53,120.49,118.1,122.0,117.92
SPLK,115.56,121.29,120.42,121.5499,112.22,54,116.66,115.28,119.68,115.01
SPLK,118.76,116.25,119.95,120.42,114.365,55,115.56,121.29,121.5499,112.22
SPLK,118.47,113.12,115.38,119.95,112.12,56,118.76,116.25,120.42,114.365
SPLK,115.0,109.25,113.87,115.38,108.85,57,118.47,113.12,119.95,112.12
SPLK,109.61,113.87,124.0799,113.87,106.71,58,115.0,109.25,115.38,108.85
SPLK,113.76,123.92,124.72,124.0799,113.59,59,109.61,113.87,113.87,106.71
SPLK,123.71,124.01,123.98,124.72,120.85,60,113.76,123.92,124.0799,113.59
SPLK,123.49,120.8,120.02,123.98,119.35,61,123.71,124.01,124.72,120.85
SPLK,118.15,114.94,118.625,120.02,114.55,62,123.49,120.8,123.98,119.35
SPLK,116.5,117.82,121.19,118.625,114.5,63,118.15,114.94,120.02,114.55
SPLK,117.8,117.78,120.44,121.19,116.77,64,116.5,117.82,118.625,114.5
SPLK,117.09,120.25,122.81,120.44,116.26,65,117.8,117.78,121.19,116.77
SPLK,122.11,122.66,122.05,122.81,119.205,66,117.09,120.25,120.44,116.26
SPLK,119.37,117.76,120.15,122.05,117.08,67,122.11,122.66,122.81,119.205
SPLK,118.13,114.51,126.98,120.15,113.98,68,119.37,117.76,122.05,117.08
SPLK,120.6,124.97,125.86,126.98,119.59,69,118.13,114.51,120.15,113.98
SPLK,125.5,123.94,123.955,125.86,120.9,70,120.6,124.97,126.98,119.59
SPLK,123.52,123.55,122.1,123.955,121.21,71,125.5,123.94,125.86,120.9
SPLK,122.03,117.54,118.81,122.1,116.66,72,123.52,123.55,123.955,121.21
SPLK,117.19,114.7,117.8118,118.81,113.79,73,122.03,117.54,122.1,116.66
SPLK,112.06,116.21,118.15,117.8118,112.01,74,117.19,114.7,118.81,113.79
SPLK,117.0,116.82,121.67,118.15,115.6,75,112.06,116.21,117.8118,112.01
SPLK,112.54,121.34,121.11,121.67,112.4,76,117.0,116.82,118.15,115.6
SPLK,121.0,120.98,121.35,121.11,115.64,77,112.54,121.34,121.67,112.4
SPLK,120.13,118.1,119.67,121.35,117.38,78,121.0,120.98,121.11,115.64
SPLK,118.18,116.54,117.525,119.67,116.23,79,120.13,118.1,121.35,117.38
SPLK,117.1,114.92,127.5,117.525,113.02,80,118.18,116.54,119.67,116.23
SPLK,119.0,121.83,132.09,127.5,118.27,81,117.1,114.92,117.525,113.02
SPLK,123.28,129.06,129.94,132.09,123.28,82,119.0,121.83,127.5,118.27
SPLK,127.66,127.12,129.305,129.94,126.78,83,123.28,129.06,132.09,123.28
SPLK,125.71,124.11,130.45,129.305,123.95,84,127.66,127.12,129.94,126.78
SPLK,125.44,127.89,128.955,130.45,124.3,85,125.71,124.11,129.305,123.95
SPLK,126.29,126.92,127.8,128.955,125.29,86,125.44,127.89,130.45,124.3
SPLK,127.64,122.17,121.67,127.8,122.08,87,126.29,126.92,128.955,125.29
SPLK,120.38,110.22,113.27,121.67,109.74,88,127.64,122.17,127.8,122.08
SPLK,110.5,111.93,117.87,113.27,109.0201,89,120.38,110.22,121.67,109.74
APO,78.6,76.94,78.11,78.77,76.57,1,77.98,77.29,78.36,76.04
APO,77.24,77.04,77.19,78.11,76.42,2,78.6,76.94,78.77,76.57
APO,76.68,76.29,76.11,77.19,76.0608,3,77.24,77.04,78.11,76.42
APO,75.69,74.0,75.32,76.11,73.91,4,76.68,76.29,77.19,76.0608
APO,74.82,74.92,75.33,75.32,74.29,5,75.69,74.0,76.11,73.91
APO,74.72,74.99,76.42,75.33,74.29,6,74.82,74.92,75.32,74.29
APO,75.11,76.1,76.3404,76.42,74.78,7,74.72,74.99,75.33,74.29
APO,75.87,75.79,76.11,76.3404,75.46,8,75.11,76.1,76.42,74.78
APO,75.75,75.5,75.79,76.11,75.0,9,75.87,75.79,76.3404,75.46
APO,75.02,75.4,75.58,75.79,73.93,10,75.75,75.5,76.11,75.0
APO,74.95,74.95,77.89,75.58,74.1,11,75.02,75.4,75.79,73.93
APO,75.63,75.85,75.71,77.89,75.29,12,74.95,74.95,75.58,74.1
APO,75.58,73.81,74.54,75.71,73.73,13,75.63,75.85,77.89,75.29
APO,73.13,73.95,72.54,74.54,72.51,14,75.58,73.81,75.71,73.73
APO,72.04,71.74,73.93,72.54,70.85,15,73.13,73.95,74.54,72.51
APO,73.3,73.35,73.25,73.93,72.15,16,72.04,71.74,72.54,70.85
APO,72.94,70.78,74.61,73.25,70.37,17,73.3,73.35,73.93,72.15
APO,72.5,70.65,73.28,74.61,70.59,18,72.94,70.78,73.25,70.37
APO,71.75,71.8,72.65,73.28,71.21,19,72.5,70.65,74.61,70.59
APO,72.14,70.11,71.52,72.65,68.64,20,71.75,71.8,73.28,71.21
APO,70.83,70.15,72.65,71.52,69.68,21,72.14,70.11,72.65,68.64
APO,71.58,70.99,72.15,72.65,70.32,22,70.83,70.15,71.52,69.68
APO,70.85,71.05,72.54,72.15,70.43,23,71.58,70.99,72.65,70.32
APO,71.16,70.49,72.2,72.54,70.49,24,70.85,71.05,72.15,70.43
APO,71.23,69.65,70.189,72.2,69.65,25,71.16,70.49,72.54,70.49
APO,69.5,69.61,70.7,70.189,69.05,26,71.23,69.65,72.2,69.65
APO,69.02,68.53,70.45,70.7,68.25,27,69.5,69.61,70.189,69.05
APO,68.7,70.16,71.65,70.45,67.69,28,69.02,68.53,70.7,68.25
APO,71.55,69.8,71.25,71.65,68.52,29,68.7,70.16,70.45,67.69
APO,69.5,70.34,69.4,71.25,68.73,30,71.55,69.8,71.65,68.52
APO,68.76,68.58,72.58,69.4,67.67,31,69.5,70.34,71.25,68.73
APO,69.66,71.9,72.51,72.58,69.22,32,68.76,68.58,69.4,67.67
APO,72.02,72.27,74.69,72.51,71.25,33,69.66,71.9,72.58,69.22
APO,72.85,74.27,74.91,74.69,72.54,34,72.02,72.27,72.51,71.25
APO,74.62,74.02,75.39,74.91,73.72,35,72.85,74.27,74.69,72.54
APO,74.32,73.47,73.53,75.39,73.38,36,74.62,74.02,74.91,73.72
APO,73.0,72.8,73.91,73.53,72.36,37,74.32,73.47,75.39,73.38
APO,73.43,73.04,73.43,73.91,72.96,38,73.0,72.8,73.53,72.36
APO,73.02,72.43,73.25,73.43,71.58,39,73.43,73.04,73.91,72.96
APO,72.81,71.53,74.02,73.25,71.33,40,73.02,72.43,73.43,71.58
APO,72.05,73.56,74.44,74.02,71.65,41,72.81,71.53,73.25,71.33
APO,74.22,69.6,70.0971,74.44,69.05,42,72.05,73.56,74.02,71.65
APO,70.02,69.57,70.0,70.0971,67.73,43,74.22,69.6,74.44,69.05
APO,69.92,68.96,68.4,70.0,67.97,44,70.02,69.57,70.0971,67.73
APO,68.0,68.35,70.6,68.4,66.26,45,69.92,68.96,70.0,67.97
APO,68.16,70.58,71.92,70.6,67.735,46,68.0,68.35,68.4,66.26
APO,71.15,70.76,70.9599,71.92,69.19,47,68.16,70.58,70.6,67.735
APO,70.81,69.55,68.97,70.9599,68.62,48,71.15,70.76,71.92,69.19
APO,68.71,68.83,68.67,68.97,67.1,49,70.81,69.55,70.9599,68.62
APO,67.88,67.65,68.18,68.67,67.04,50,68.71,68.83,68.97,67.1
APO,67.86,67.05,68.52,68.18,66.39,51,67.88,67.65,68.67,67.04
APO,67.55,67.0,67.08,68.52,66.56,52,67.86,67.05,68.18,66.39
APO,66.47,65.9,65.65,67.08,65.22,53,67.55,67.0,68.52,66.56
APO,64.3,65.35,65.43,65.65,62.29,54,66.47,65.9,67.08,65.22
APO,64.25,64.15,65.49,65.43,63.0,55,64.3,65.35,65.65,62.29
APO,65.44,63.55,67.38,65.49,62.865,56,64.25,64.15,65.43,63.0
APO,66.0,66.23,68.28,67.38,65.36,57,65.44,63.55,65.49,62.865
APO,65.71,68.16,70.18,68.28,64.6,58,66.0,66.23,67.38,65.36
APO,68.05,70.0,70.82,70.18,68.05,59,65.71,68.16,68.28,64.6
APO,70.08,70.65,71.72,70.82,69.46,60,68.05,70.0,70.18,68.05
APO,71.01,71.03,70.57,71.72,70.08,61,70.08,70.65,70.82,69.46
APO,69.46,68.98,70.956,70.57,68.85,62,71.01,71.03,71.72,70.08
APO,68.97,70.33,71.5,70.956,68.41,63,69.46,68.98,70.57,68.85
APO,70.62,70.88,70.73,71.5,70.13,64,68.97,70.33,70.956,68.41
APO,70.71,67.6,70.16,70.73,67.425,65,70.62,70.88,71.5,70.13
APO,68.42,69.87,71.61,70.16,68.06,66,70.71,67.6,70.73,67.425
APO,69.05,69.67,69.32,71.61,68.93,67,68.42,69.87,70.16,68.06
APO,67.9,65.67,67.27,69.32,65.39,68,69.05,69.67,71.61,68.93
APO,65.56,65.63,67.75,67.27,65.03,69,67.9,65.67,69.32,65.39
APO,67.09,67.58,68.52,67.75,66.13,70,65.56,65.63,67.27,65.03
APO,67.23,67.96,67.88,68.52,66.77,71,67.09,67.58,67.75,66.13
APO,67.68,65.23,66.0699,67.88,64.86,72,67.23,67.96,68.52,66.77
APO,65.6,64.17,64.86,66.0699,63.42,73,67.68,65.23,67.88,64.86
APO,63.99,63.2,64.3,64.86,62.635,74,65.6,64.17,66.0699,63.42
APO,64.0,62.1,62.36,64.3,61.88,75,63.99,63.2,64.86,62.635
APO,59.78,62.16,65.88,62.36,59.1,76,64.0,62.1,64.3,61.88
APO,62.96,65.67,66.76,65.88,62.71,77,59.78,62.16,62.36,59.1
APO,64.92,65.26,65.7,66.76,64.26,78,62.96,65.67,65.88,62.71
APO,65.12,62.4,65.38,65.7,62.115,79,64.92,65.26,66.76,64.26
APO,63.12,64.93,65.975,65.38,62.35,80,65.12,62.4,65.7,62.115
APO,65.29,64.57,64.23,65.975,63.97,81,63.12,64.93,65.38,62.35
APO,63.72,63.48,62.72,64.23,62.26,82,65.29,64.57,65.975,63.97
APO,61.89,58.29,61.28,62.72,57.88,83,63.72,63.48,64.23,62.26
APO,58.75,60.02,64.37,61.28,58.24,84,61.89,58.29,62.72,57.88
APO,61.94,63.29,63.785,64.37,61.58,85,58.75,60.02,61.28,58.24
APO,62.28,62.07,64.35,63.785,61.72,86,61.94,63.29,64.37,61.58
APO,62.94,63.05,62.96,64.35,62.53,87,62.28,62.07,63.785,61.72
APO,62.75,59.41,60.27,62.96,58.65,88,62.94,63.05,64.35,62.53
APO,59.16,59.55,62.4,60.27,57.94,89,62.75,59.41,62.96,58.65
GM,59.15,58.52,60.33,59.35,58.05,1,56.37,58.64,58.77,56.27
GM,58.52,59.6,59.93,60.33,58.48,2,59.15,58.52,59.35,58.05
GM,59.85,58.62,60.555,59.93,57.81,3,58.52,59.6,60.33,58.48
GM,57.87,59.27,62.15,60.555,57.73,4,59.85,58.62,59.93,57.81
GM,59.87,61.82,64.03,62.15,59.3065,5,57.87,59.27,60.555,57.73
GM,61.59,63.4,63.73,64.03,61.28,6,59.87,61.82,62.15,59.3065
GM,63.54,62.97,63.28,63.73,62.625,7,61.59,63.4,64.03,61.28
GM,63.23,62.61,65.07,63.28,61.93,8,63.54,62.97,63.73,62.625
GM,63.25,64.61,65.18,65.07,62.375,9,63.23,62.61,63.28,61.93
GM,64.29,62.33,62.9699,65.18,62.09,10,63.25,64.61,65.07,62.375
GM,62.44,61.8,64.955,62.9699,61.56,11,64.29,62.33,65.18,62.09
GM,61.915,64.06,64.04,64.955,61.76,12,62.44,61.8,62.9699,61.56
GM,63.62,63.05,62.6,64.04,62.26,13,61.915,64.06,64.955,61.76
GM,62.355,62.19,60.57,62.6,61.63,14,63.62,63.05,64.04,62.26
GM,59.58,60.17,61.54,60.57,59.46,15,62.355,62.19,62.6,61.63
GM,61.05,59.86,59.84,61.54,59.65,16,59.58,60.17,60.57,59.46
GM,59.08,57.87,60.59,59.84,57.44,17,61.05,59.86,61.54,59.65
GM,59.18,58.06,61.3,60.59,58.01,18,59.08,57.87,59.84,57.44
GM,58.77,61.02,61.69,61.3,58.7,19,59.18,58.06,60.59,58.01
GM,61.11,59.71,60.73,61.69,58.87,20,58.77,61.02,61.3,58.7
GM,60.27,59.84,62.38,60.73,58.7,21,61.11,59.71,61.69,58.87
GM,60.93,61.53,61.81,62.38,60.7,22,60.27,59.84,60.73,58.7
GM,61.67,60.78,60.63,61.81,60.4188,23,60.93,61.53,62.38,60.7
GM,60.24,59.62,63.285,60.63,59.59,24,61.67,60.78,61.81,60.4188
GM,60.13,63.21,62.18,63.285,60.1,25,60.24,59.62,60.63,59.59
GM,62.05,59.13,59.2,62.18,59.02,26,60.13,63.21,63.285,60.1
GM,57.94,58.4,58.89,59.2,57.7003,27,62.05,59.13,62.18,59.02
GM,58.31,58.61,60.62,58.89,57.035,28,57.94,58.4,59.2,57.7003
GM,59.4,58.39,56.39,60.62,58.025,29,58.31,58.61,58.89,57.035
GM,56.64,55.16,54.54,56.39,54.51,30,59.4,58.39,60.62,58.025
GM,53.99,54.04,54.9,54.54,53.14,31,56.64,55.16,56.39,54.51
GM,54.57,54.79,56.345,54.9,53.84,32,53.99,54.04,54.54,53.14
GM,54.79,56.08,57.0946,56.345,54.75,33,54.57,54.79,54.9,53.84
GM,56.01,56.91,57.75,57.0946,55.77,34,54.79,56.08,56.345,54.75
GM,56.98,57.43,58.12,57.75,56.53,35,56.01,56.91,57.0946,55.77
GM,57.42,57.11,57.7,58.12,57.01,36,56.98,57.43,57.75,56.53
GM,57.12,57.23,58.78,57.7,56.74,37,57.42,57.11,58.12,57.01
GM,57.27,58.13,59.05,58.78,57.26,38,57.12,57.23,57.7,56.74
GM,57.98,58.63,61.57,59.05,57.92,39,57.27,58.13,58.78,57.26
GM,59.77,61.17,65.98,61.57,59.74,40,57.98,58.63,59.05,57.92
GM,62.06,65.74,67.21,65.98,61.955,41,59.77,61.17,61.57,59.74
GM,65.55,62.74,63.5,67.21,62.6,42,62.06,65.74,65.98,61.955
GM,62.9,62.87,63.91,63.5,61.67,43,65.55,62.74,67.21,62.6
GM,63.68,62.27,62.0,63.91,61.42,44,62.9,62.87,63.5,61.67
GM,61.565,61.07,61.555,62.0,60.035,45,63.68,62.27,63.91,61.42
GM,61.25,61.46,62.72,61.555,60.1501,46,61.565,61.07,62.0,60.035
GM,62.28,61.03,63.38,62.72,59.635,47,61.25,61.46,61.555,60.1501
GM,61.45,61.77,61.765,63.38,61.15,48,62.28,61.03,62.72,59.635
GM,60.93,61.1,60.35,61.765,59.99,49,61.45,61.77,63.38,61.15
GM,60.07,58.79,59.8399,60.35,58.54,50,60.93,61.1,61.765,59.99
GM,59.28,56.24,57.3256,59.8399,56.125,51,60.07,58.79,60.35,58.54
GM,56.0,54.65,54.7,57.3256,54.415,52,59.28,56.24,59.8399,56.125
GM,54.39,53.28,52.66,54.7,52.6857,53,56.0,54.65,57.3256,54.415
GM,51.36,52.64,52.5133,52.66,49.365,54,54.39,53.28,54.7,52.6857
GM,51.49,51.9,53.99,52.5133,50.82,55,51.36,52.64,52.66,49.365
GM,53.53,52.35,53.35,53.99,51.47,56,51.49,51.9,52.5133,50.82
GM,52.83,51.45,51.25,53.35,51.0699,57,53.53,52.35,53.99,51.47
GM,50.98,50.24,52.75,51.25,49.24,58,52.83,51.45,53.35,51.0699
GM,50.42,52.73,54.24,52.75,49.97,59,50.98,50.24,51.25,49.24
GM,52.99,54.07,55.55,54.24,52.12,60,50.42,52.73,52.75,49.97
GM,55.0,53.5,54.42,55.55,51.68,61,52.99,54.07,54.24,52.12
GM,52.55,53.11,51.85,54.42,52.55,62,55.0,53.5,55.55,51.68
GM,51.63,51.29,52.0,51.85,50.515,63,52.55,53.11,54.42,52.55
GM,51.52,50.71,49.88,52.0,50.52,64,51.63,51.29,51.85,50.515
GM,48.76,49.46,51.68,49.88,47.58,65,51.52,50.71,52.0,50.52
GM,50.31,50.72,51.785,51.68,50.16,66,48.76,49.46,49.88,47.58
GM,49.73,50.34,50.97,51.785,49.6,67,50.31,50.72,51.68,50.16
GM,50.45,48.83,49.19,50.97,48.5405,68,49.73,50.34,51.785,49.6
GM,48.87,48.4,49.91,49.19,48.0,69,50.45,48.83,50.97,48.5405
GM,49.29,49.67,50.565,49.91,48.93,70,48.87,48.4,49.19,48.0
GM,49.43,50.43,49.8494,50.565,49.26,71,49.29,49.67,49.91,48.93
GM,49.88,48.82,49.21,49.8494,48.66,72,49.43,50.43,50.565,49.26
GM,48.96,48.6,47.94,49.21,47.92,73,49.88,48.82,49.8494,48.66
GM,47.81,46.77,48.295,47.94,46.155,74,48.96,48.6,49.21,47.92
GM,47.32,46.38,46.405,48.295,46.26,75,47.81,46.77,47.94,46.155
GM,44.2,46.355,47.475,46.405,43.91,76,47.32,46.38,48.295,46.26
GM,46.32,47.43,47.12,47.475,45.85,77,44.2,46.355,46.405,43.91
GM,46.2,46.72,46.1597,47.12,45.84,78,46.32,47.43,47.475,45.85
GM,46.08,44.52,46.6,46.1597,44.155,79,46.2,46.72,47.12,45.84
GM,44.68,46.32,46.74,46.6,44.56,80,46.08,44.52,46.1597,44.155
GM,46.25,44.9,44.16,46.74,44.605,81,44.68,46.32,46.6,44.56
GM,44.04,42.4,42.44,44.16,41.99,82,46.25,44.9,46.74,44.605
GM,42.29,39.83,42.31,42.44,39.75,83,44.04,42.4,44.16,41.99
GM,40.75,40.2,42.86,42.31,39.955,84,42.29,39.83,42.44,39.75
GM,42.19,42.28,42.23,42.86,41.8,85,40.75,40.2,42.31,39.955
GM,41.31,41.85,42.3399,42.23,40.855,86,42.19,42.28,42.86,41.8
GM,42.02,41.51,42.43,42.3399,41.48,87,41.31,41.85,42.23,40.855
GM,41.78,40.83,42.25,42.43,40.37,88,42.02,41.51,42.3399,41.48
GM,40.87,42.13,44.17,42.25,40.83,89,41.78,40.83,42.43,40.37
LYB,92.2,92.97,95.15,94.0,91.9,1,93.78,91.08,94.19,89.53
LYB,93.95,93.27,93.73,95.15,93.11,2,92.2,92.97,94.0,91.9
LYB,92.96,92.81,93.54,93.73,92.465,3,93.95,93.27,95.15,93.11
LYB,92.81,92.83,95.47,93.54,92.49,4,92.96,92.81,93.73,92.465
LYB,93.13,94.69,96.23,95.47,92.99,5,92.81,92.83,93.54,92.49
LYB,94.78,95.39,95.96,96.23,94.65,6,93.13,94.69,95.47,92.99
LYB,95.61,95.22,95.22,95.96,94.66,7,94.78,95.39,96.23,94.65
LYB,94.74,93.0,93.41,95.22,92.99,8,95.61,95.22,95.96,94.66
LYB,92.98,91.99,92.26,93.41,91.7,9,94.74,93.0,95.22,92.99
LYB,92.16,91.26,91.87,92.26,90.9,10,92.98,91.99,93.41,91.7
LYB,90.72,89.4,93.31,91.87,88.36,11,92.16,91.26,92.26,90.9
LYB,90.27,92.79,94.1,93.31,89.93,12,90.72,89.4,91.87,88.36
LYB,93.52,93.44,93.43,94.1,92.94,13,90.27,92.79,93.31,89.93
LYB,93.0,91.56,89.68,93.43,91.41,14,93.52,93.44,94.1,92.94
LYB,86.61,89.44,91.25,89.68,86.13,15,93.0,91.56,93.43,91.41
LYB,90.72,89.17,88.13,91.25,88.55,16,86.61,89.44,89.68,86.13
LYB,87.84,87.13,89.27,88.13,86.29,17,90.72,89.17,91.25,88.55
LYB,89.04,84.55,85.99,89.27,84.52,18,87.84,87.13,88.13,86.29
LYB,84.63,85.58,88.159,85.99,84.17,19,89.04,84.55,89.27,84.52
LYB,86.19,87.37,89.71,88.159,86.08,20,84.63,85.58,85.99,84.17
LYB,89.0,88.92,91.71,89.71,87.96,21,86.19,87.37,88.159,86.08
LYB,89.95,90.11,91.84,91.71,89.6,22,89.0,88.92,89.71,87.96
LYB,90.54,90.5,90.78,91.84,90.245,23,89.95,90.11,91.71,89.6
LYB,89.94,89.95,91.615,90.78,89.43,24,90.54,90.5,91.84,90.245
LYB,91.26,89.91,90.41,91.615,89.6,25,89.94,89.95,90.78,89.43
LYB,89.88,87.65,89.41,90.41,87.41,26,91.26,89.91,91.615,89.6
LYB,87.6,89.16,89.16,89.41,87.72,27,89.88,87.65,90.41,87.41
LYB,88.84,87.04,90.27,89.16,85.15,28,87.6,89.16,89.41,87.72
LYB,87.715,89.11,89.05,90.27,87.43,29,88.84,87.04,89.16,85.15
LYB,88.67,87.76,87.21,89.05,86.9,30,87.715,89.11,90.27,87.43
LYB,86.62,86.9,89.75,87.21,85.04,31,88.67,87.76,89.05,86.9
LYB,87.95,88.32,88.57,89.75,87.91,32,86.62,86.9,87.21,85.04
LYB,88.34,88.02,91.3,88.57,87.29,33,87.95,88.32,89.75,87.91
LYB,89.06,90.55,91.82,91.3,88.26,34,88.34,88.02,88.57,87.29
LYB,90.89,91.67,93.195,91.82,90.22,35,89.06,90.55,91.3,88.26
LYB,91.8,92.72,93.22,93.195,91.7501,36,90.89,91.67,91.82,90.22
LYB,92.56,92.67,93.58,93.22,92.32,37,91.8,92.72,93.195,91.7501
LYB,92.98,92.18,92.84,93.58,91.935,38,92.56,92.67,93.22,92.32
LYB,92.29,92.23,94.69,92.84,91.64,39,92.98,92.18,93.58,91.935
LYB,93.12,93.16,97.47,94.69,92.8294,40,92.29,92.23,92.84,91.64
LYB,93.82,96.96,98.54,97.47,93.735,41,93.12,93.16,94.69,92.8294
LYB,97.46,96.27,98.14,98.54,96.26,42,93.82,96.96,97.47,93.735
LYB,97.9,96.7,98.47,98.14,95.36,43,97.46,96.27,98.54,96.26
LYB,97.43,97.61,98.8,98.47,97.01,44,97.9,96.7,98.14,95.36
LYB,97.65,97.8,99.41,98.8,96.12,45,97.43,97.61,98.47,97.01
LYB,98.69,99.33,100.947,99.41,97.2059,46,97.65,97.8,98.8,96.12
LYB,100.03,99.89,101.86,100.947,98.6,47,98.69,99.33,99.41,97.2059
LYB,100.43,101.37,102.93,101.86,99.8,48,100.03,99.89,100.947,98.6
LYB,101.38,102.81,102.41,102.93,100.44,49,100.43,101.37,101.86,99.8
LYB,101.48,100.98,102.11,102.41,99.9,50,101.38,102.81,102.93,100.44
LYB,101.7,100.88,102.1,102.11,99.51,51,101.48,100.98,102.41,99.9
LYB,101.57,96.27,96.07,102.1,96.0,52,101.7,100.88,102.11,99.51
LYB,95.7,94.15,93.77,96.07,93.43,53,101.57,96.27,102.1,96.0
LYB,92.1,93.39,93.77,93.77,90.7582,54,95.7,94.15,96.07,93.43
LYB,91.86,93.21,95.66,93.77,89.24,55,92.1,93.39,93.77,90.7582
LYB,94.51,93.03,96.44,95.66,91.9101,56,91.86,93.21,93.77,89.24
LYB,94.56,95.85,97.87,96.44,94.06,57,94.51,93.03,95.66,91.9101
LYB,94.8,96.08,96.93,97.87,94.06,58,94.56,95.85,96.44,94.06
LYB,95.78,96.73,99.89,96.93,93.445,59,94.8,96.08,97.87,94.06
LYB,96.41,99.53,100.83,99.89,96.36,60,95.78,96.73,96.93,93.445
LYB,98.99,100.34,101.23,100.83,98.2,61,96.41,99.53,99.89,96.36
LYB,100.04,100.01,101.67,101.23,99.25,62,98.99,100.34,100.83,98.2
LYB,99.4,100.22,100.67,101.67,99.34,63,100.04,100.01,101.23,99.25
LYB,100.45,99.48,101.39,100.67,98.91,64,99.4,100.22,101.67,99.34
LYB,100.3,101.3,103.24,101.39,99.0,65,100.45,99.48,100.67,98.91
LYB,101.71,102.59,103.97,103.24,101.02,66,100.3,101.3,101.39,99.0
LYB,102.09,102.09,103.4,103.97,101.69,67,101.71,102.59,103.24,101.02
LYB,101.02,101.77,102.25,103.4,100.585,68,102.09,102.09,103.97,101.69
LYB,101.825,100.15,102.2193,102.25,98.92,69,101.02,101.77,103.4,100.585
LYB,100.03,101.84,103.72,102.2193,99.32,70,101.825,100.15,102.25,98.92
LYB,102.03,103.15,102.55,103.72,101.7,71,100.03,101.84,102.2193,99.32
LYB,102.03,100.95,101.37,102.55,100.23,72,102.03,103.15,103.72,101.7
LYB,100.73,99.84,101.315,101.37,99.46,73,102.03,100.95,102.55,100.23
LYB,100.0,99.56,100.54,101.315,98.84,74,100.73,99.84,101.37,99.46
LYB,99.89,98.46,96.42,100.54,98.295,75,100.0,99.56,101.315,98.84
LYB,96.42,94.46,98.97,96.42,93.11,76,99.89,98.46,100.54,98.295
LYB,95.6,98.0,97.89,98.97,95.285,77,96.42,94.46,96.42,93.11
LYB,96.13,97.23,97.72,97.89,95.38,78,95.6,98.0,98.97,95.285
LYB,97.25,93.42,98.305,97.72,91.9,79,96.13,97.23,97.89,95.38
LYB,94.73,97.81,100.19,98.305,94.09,80,97.25,93.42,97.72,91.9
LYB,98.51,99.82,97.48,100.19,97.9218,81,94.73,97.81,98.305,94.09
LYB,97.0,97.13,97.58,97.48,95.5,82,98.51,99.82,100.19,97.9218
LYB,97.08,94.78,97.825,97.58,94.53,83,97.0,97.13,97.48,95.5
LYB,95.73,96.0,100.61,97.825,93.67,84,97.08,94.78,97.58,94.53
LYB,98.1,98.37,99.97,100.61,97.65,85,95.73,96.0,97.825,93.67
LYB,96.9,99.74,104.18,99.97,96.78,86,98.1,98.37,100.61,97.65
LYB,100.47,103.43,105.84,104.18,100.19,87,96.9,99.74,99.97,96.78
LYB,104.9,103.87,104.18,105.84,102.911,88,100.47,103.43,104.18,100.19
LYB,103.44,98.65,100.86,104.18,97.31,89,104.9,103.87,105.84,102.911
PBCT,18.07,17.97,18.24,18.24,17.85,1,18.47,17.9,18.47,17.765
PBCT,18.12,18.12,18.03,18.24,17.96,2,18.07,17.97,18.24,17.85
PBCT,18.0,17.9,18.1889,18.03,17.755,3,18.12,18.12,18.24,17.96
PBCT,17.93,18.08,18.47,18.1889,17.89,4,18.0,17.9,18.03,17.755
PBCT,18.1,18.4,18.58,18.47,18.02,5,17.93,18.08,18.1889,17.89
PBCT,18.34,18.46,18.7612,18.58,18.225,6,18.1,18.4,18.47,18.02
PBCT,18.53,18.55,18.68,18.7612,18.445,7,18.34,18.46,18.58,18.225
PBCT,18.56,18.55,18.67,18.68,18.395,8,18.53,18.55,18.7612,18.445
PBCT,18.48,18.63,18.8,18.67,18.32,9,18.56,18.55,18.68,18.395
PBCT,18.62,18.44,18.345,18.8,18.3,10,18.48,18.63,18.67,18.32
PBCT,18.18,18.15,18.89,18.345,17.835,11,18.62,18.44,18.8,18.3
PBCT,18.38,18.72,18.925,18.89,18.36,12,18.18,18.15,18.345,17.835
PBCT,18.85,18.83,18.936,18.925,18.73,13,18.38,18.72,18.89,18.36
PBCT,18.77,18.73,18.1,18.936,18.59,14,18.85,18.83,18.925,18.73
PBCT,18.06,17.82,18.17,18.1,17.54,15,18.77,18.73,18.936,18.59
PBCT,18.08,17.73,17.54,18.17,17.5703,16,18.06,17.82,18.1,17.54
PBCT,17.44,17.04,17.6956,17.54,16.9,17,18.08,17.73,18.17,17.5703
PBCT,17.37,16.64,17.62,17.6956,16.63,18,17.44,17.04,17.54,16.9
PBCT,16.89,17.42,17.43,17.62,16.66,19,17.37,16.64,17.6956,16.63
PBCT,17.43,17.0,17.81,17.43,16.87,20,16.89,17.42,17.62,16.66
PBCT,17.42,17.5,17.84,17.81,17.27,21,17.43,17.0,17.43,16.87
PBCT,17.66,17.62,17.82,17.84,17.525,22,17.42,17.5,17.81,17.27
PBCT,17.67,17.69,17.815,17.82,17.55,23,17.66,17.62,17.84,17.525
PBCT,17.61,17.68,17.86,17.815,17.44,24,17.67,17.69,17.82,17.55
PBCT,17.85,17.64,17.57,17.86,17.45,25,17.61,17.68,17.815,17.44
PBCT,17.57,17.01,17.465,17.57,16.99,26,17.85,17.64,17.86,17.45
PBCT,17.14,17.21,17.5,17.465,17.02,27,17.57,17.01,17.57,16.99
PBCT,17.4,17.39,18.01,17.5,17.16,28,17.14,17.21,17.465,17.02
PBCT,17.64,17.58,17.57,18.01,17.505,29,17.4,17.39,17.5,17.16
PBCT,17.55,16.77,16.66,17.57,16.745,30,17.64,17.58,18.01,17.505
PBCT,16.53,16.57,17.15,16.66,16.195,31,17.55,16.77,17.57,16.745
PBCT,16.84,17.1,17.33,17.15,16.72,32,16.53,16.57,16.66,16.195
PBCT,17.09,17.22,17.57,17.33,16.945,33,16.84,17.1,17.15,16.72
PBCT,17.35,17.45,17.83,17.57,17.35,34,17.09,17.22,17.33,16.945
PBCT,17.43,17.82,17.98,17.83,17.3,35,17.35,17.45,17.57,17.35
PBCT,17.75,17.9,18.01,17.98,17.74,36,17.43,17.82,17.83,17.3
PBCT,17.9,17.88,18.05,18.01,17.81,37,17.75,17.9,17.98,17.74
PBCT,17.88,17.7,17.9,18.05,17.66,38,17.9,17.88,18.01,17.81
PBCT,17.72,17.82,18.37,17.9,17.61,39,17.88,17.7,18.05,17.66
PBCT,18.01,18.29,19.22,18.37,17.98,40,17.72,17.82,17.9,17.61
PBCT,18.52,18.99,19.42,19.22,18.5,41,18.01,18.29,18.37,17.98
PBCT,19.16,19.11,20.09,19.42,19.03,42,18.52,18.99,19.22,18.5
PBCT,19.47,19.87,20.43,20.09,19.42,43,19.16,19.11,19.42,19.03
PBCT,20.0,20.39,20.71,20.43,19.73,44,19.47,19.87,20.09,19.42
PBCT,20.5,20.3,20.595,20.71,20.09,45,20.0,20.39,20.43,19.73
PBCT,20.41,20.55,20.78,20.595,20.17,46,20.5,20.3,20.71,20.09
PBCT,20.55,20.71,21.28,20.78,20.52,47,20.41,20.55,20.595,20.17
PBCT,20.815,21.18,21.44,21.28,20.77,48,20.55,20.71,20.78,20.52
PBCT,20.93,21.42,21.6,21.44,20.72,49,20.815,21.18,21.28,20.77
PBCT,21.43,21.1,21.12,21.6,20.97,50,20.93,21.42,21.44,20.72
PBCT,21.12,20.35,20.875,21.12,20.34,51,21.43,21.1,21.6,20.97
PBCT,20.57,19.3,19.18,20.875,19.24,52,21.12,20.35,21.12,20.34
PBCT,19.13,18.53,19.28,19.18,18.37,53,20.57,19.3,20.875,19.24
PBCT,18.26,19.22,19.12,19.28,17.98,54,19.13,18.53,19.18,18.37
PBCT,18.97,18.87,19.29,19.12,18.5,55,18.26,19.22,19.28,17.98
PBCT,19.1,19.16,19.86,19.29,18.78,56,18.97,18.87,19.12,18.5
PBCT,19.31,19.27,19.675,19.86,19.12,57,19.1,19.16,19.29,18.78
PBCT,19.19,19.66,19.39,19.675,19.03,58,19.31,19.27,19.86,19.12
PBCT,19.16,19.38,19.69,19.39,18.875,59,19.19,19.66,19.675,19.03
PBCT,19.34,19.66,19.82,19.69,19.24,60,19.16,19.38,19.39,18.875
PBCT,19.55,19.74,20.07,19.82,19.4,61,19.34,19.66,19.69,19.24
PBCT,19.8,19.94,20.72,20.07,19.58,62,19.55,19.74,19.82,19.4
PBCT,20.0,20.59,20.76,20.72,19.97,63,19.8,19.94,20.07,19.58
PBCT,20.63,20.59,21.31,20.76,20.31,64,20.0,20.59,20.72,19.97
PBCT,20.9,21.25,21.33,21.31,20.78,65,20.63,20.59,20.76,20.31
PBCT,21.29,21.0,21.465,21.33,20.93,66,20.9,21.25,21.31,20.78
PBCT,21.06,21.06,21.505,21.465,20.98,67,21.29,21.0,21.33,20.93
PBCT,20.84,20.96,21.205,21.505,20.81,68,21.06,21.06,21.465,20.98
PBCT,21.11,20.72,21.24,21.205,20.58,69,20.84,20.96,21.505,20.81
PBCT,20.96,21.16,21.415,21.24,20.9,70,21.11,20.72,21.205,20.58
PBCT,21.04,21.34,21.15,21.415,20.93,71,20.96,21.16,21.24,20.9
PBCT,21.15,20.82,21.04,21.15,20.715,72,21.04,21.34,21.415,20.93
PBCT,20.75,20.76,21.2,21.04,20.68,73,21.15,20.82,21.15,20.715
PBCT,20.66,20.99,21.3099,21.2,20.535,74,20.75,20.76,21.04,20.68
PBCT,21.09,20.73,20.01,21.3099,20.61,75,20.66,20.99,21.2,20.535
PBCT,19.93,19.95,21.19,20.01,19.14,76,21.09,20.73,21.3099,20.61
PBCT,20.04,21.17,21.095,21.19,19.97,77,19.93,19.95,20.01,19.14
PBCT,20.53,21.08,20.91,21.095,20.43,78,20.04,21.17,21.19,19.97
PBCT,20.79,19.43,20.725,20.91,19.245,79,20.53,21.08,21.095,20.43
PBCT,19.84,20.54,20.8,20.725,19.7,80,20.79,19.43,20.91,19.245
PBCT,20.56,20.78,20.28,20.8,20.32,81,19.84,20.54,20.725,19.7
PBCT,20.24,20.23,21.05,20.28,19.78,82,20.56,20.78,20.8,20.32
PBCT,20.23,20.07,20.62,21.05,20.06,83,20.24,20.23,20.28,19.78
PBCT,20.4,19.8,20.895,20.62,19.66,84,20.23,20.07,21.05,20.06
PBCT,20.44,20.39,20.665,20.895,20.24,85,20.4,19.8,20.62,19.66
PBCT,20.14,20.47,21.0,20.665,20.05,86,20.44,20.39,20.895,20.24
PBCT,20.58,20.31,20.95,21.0,20.29,87,20.14,20.47,20.665,20.05
PBCT,20.5,20.63,20.825,20.95,20.37,88,20.58,20.31,21.0,20.29
PBCT,20.68,20.62,21.385,20.825,20.25,89,20.5,20.63,20.95,20.37
NVDA,301.64,297.52,311.0,314.0,294.1,1,272.21,298.01,313.65,271.18
NVDA,301.5,308.04,323.1,311.0,299.07,2,301.64,297.52,314.0,294.1
NVDA,322.86,306.57,308.5,323.1,299.64,3,301.5,308.04,311.0,299.07
NVDA,292.14,294.59,305.9,308.5,287.78,4,322.86,306.57,323.1,299.64
NVDA,304.57,303.9,306.8,305.9,297.7701,5,292.14,294.59,308.5,287.78
NVDA,300.0,303.9,306.44,306.8,296.3,6,304.57,303.9,305.9,297.7701
NVDA,305.5,300.25,303.9,306.44,292.47,7,300.0,303.9,306.8,296.3
NVDA,297.57,302.03,305.09,303.9,297.0587,8,305.5,300.25,306.44,292.47
NVDA,304.0,292.61,327.6,305.09,288.0,9,297.57,302.03,303.9,297.0587
NVDA,323.5,316.75,330.88,327.6,313.21,10,304.0,292.61,305.09,288.0
NVDA,323.0,329.85,346.47,330.88,319.05,11,323.5,316.75,327.6,313.21
NVDA,335.1,319.56,323.6,346.47,319.0,12,323.0,329.85,330.88,319.05
NVDA,315.21,317.46,328.55,323.6,308.8,13,335.1,319.56,346.47,319.0
NVDA,314.4,326.74,327.1,328.55,309.28,14,315.21,317.46,323.6,308.8
NVDA,326.0,315.03,334.12,327.1,313.5,15,314.4,326.74,328.55,309.28
NVDA,324.0,333.76,333.53,334.12,320.36,16,326.0,315.03,327.1,313.5
NVDA,331.67,326.76,332.8934,333.53,318.6401,17,324.0,333.76,334.12,320.36
NVDA,332.0,314.35,324.7799,332.8934,313.8,18,331.67,326.76,333.53,318.6401
NVDA,311.51,321.26,321.29,324.7799,310.25,19,332.0,314.35,332.8934,313.8
NVDA,320.0,306.93,302.41,321.29,301.3,20,311.51,321.26,324.7799,310.25
NVDA,298.45,300.37,324.49,302.41,280.38,21,320.0,306.93,321.29,301.3
NVDA,309.7,324.27,322.9,324.49,306.51,22,298.45,300.37,302.41,280.38
NVDA,320.0,318.26,322.05,322.9,314.2101,23,309.7,324.27,324.49,306.51
NVDA,317.06,304.9,313.05,322.05,304.28,24,320.0,318.26,322.9,314.2101
NVDA,311.56,301.98,302.94,313.05,298.61,25,317.06,304.9,322.05,304.28
NVDA,302.1,281.61,286.78,302.94,281.16,26,311.56,301.98,313.05,298.61
NVDA,276.78,283.37,305.0,286.78,272.5,27,302.1,281.61,302.94,281.16
NVDA,284.14,304.59,311.6,305.0,278.38,28,276.78,283.37,286.78,272.5
NVDA,311.5,283.87,289.22,311.6,280.93,29,284.14,304.59,305.0,278.38
NVDA,280.0,278.01,281.44,289.22,277.6,30,311.5,283.87,311.6,280.93
NVDA,273.35,277.19,291.2,281.44,271.45,31,280.0,278.01,289.22,277.6
NVDA,283.72,290.75,295.55,291.2,274.01,32,273.35,277.19,281.44,271.45
NVDA,288.78,294.0,300.59,295.55,284.49,33,283.72,290.75,291.2,274.01
NVDA,297.49,296.4,310.865,300.59,294.3101,34,288.78,294.0,295.55,284.49
NVDA,296.4,309.45,313.3,310.865,296.4,35,297.49,296.4,300.59,294.3101
NVDA,313.11,303.22,305.48,313.3,300.1181,36,296.4,309.45,310.865,296.4
NVDA,303.11,300.01,304.57,305.48,293.66,37,313.11,303.22,313.3,300.1181
NVDA,298.24,295.86,300.3,304.57,295.4,38,303.11,300.01,305.48,293.66
NVDA,296.52,294.11,307.11,300.3,293.3057,39,298.24,295.86,304.57,295.4
NVDA,298.0,301.21,304.68,307.11,297.85,40,296.52,294.11,300.3,293.3057
NVDA,302.64,292.9,294.16,304.68,283.49,41,298.0,301.21,307.11,297.85
NVDA,288.92,276.04,284.3799,294.16,275.33,42,302.64,292.9,304.68,283.49
NVDA,276.0,281.78,284.22,284.3799,270.65,43,288.92,276.04,294.16,275.33
NVDA,281.58,272.47,274.69,284.22,270.57,44,276.0,281.78,284.3799,270.65
NVDA,265.5,274.0,280.65,274.69,256.4384,45,281.58,272.47,284.22,270.57
NVDA,273.5,278.17,285.95,280.65,268.39,46,265.5,274.0,274.69,256.4384
NVDA,280.67,279.99,284.8,285.95,276.08,47,273.5,278.17,280.65,268.39
NVDA,284.17,265.75,271.969,284.8,264.98,48,280.67,279.99,285.95,276.08
NVDA,262.85,269.42,266.38,271.969,262.1001,49,284.17,265.75,284.8,264.98
NVDA,262.64,259.03,265.4317,266.38,257.7,50,262.85,269.42,271.969,262.1001
NVDA,260.5,250.67,255.7904,265.4317,250.52,51,262.64,259.03,266.38,257.7
NVDA,252.82,241.5,248.23,255.7904,240.78,52,260.5,250.67,265.4317,250.52
NVDA,235.02,233.74,233.8,248.23,232.63,53,252.82,241.5,255.7904,240.78
NVDA,223.0,233.72,229.43,233.8,208.88,54,235.02,233.74,248.23,232.63
NVDA,225.4,223.24,240.57,229.43,220.0,55,223.0,233.72,233.8,208.88
NVDA,232.24,227.72,239.95,240.57,223.0,56,225.4,223.24,229.43,220.0
NVDA,235.73,219.44,228.58,239.95,216.75,57,232.24,227.72,240.57,223.0
NVDA,220.01,228.4,245.09,228.58,212.96,58,235.73,219.44,239.95,216.75
NVDA,231.6,244.86,251.45,245.09,230.52,59,220.01,228.4,228.58,212.96
NVDA,251.03,246.38,258.17,251.45,238.9001,60,231.6,244.86,245.09,230.52
NVDA,257.35,252.42,250.77,258.17,245.5301,61,251.03,246.38,251.45,238.9001
NVDA,244.16,239.48,246.35,250.77,237.8,62,257.35,252.42,258.17,245.5301
NVDA,239.47,243.19,251.82,246.35,236.32,63,244.16,239.48,250.77,237.8
NVDA,243.72,247.28,252.3,251.82,242.02,64,239.47,243.19,246.35,236.32
NVDA,243.41,251.08,267.25,252.3,239.8,65,243.72,247.28,251.82,242.02
NVDA,256.17,267.05,269.2499,267.25,253.53,66,243.41,251.08,252.3,239.8
NVDA,259.96,258.24,261.52,269.2499,256.0,67,256.17,267.05,267.25,253.53
NVDA,259.22,239.49,248.75,261.52,237.73,68,259.96,258.24,269.2499,256.0
NVDA,239.49,242.67,265.45,248.75,237.55,69,259.22,239.49,261.52,237.73
NVDA,249.59,264.95,265.82,265.45,247.84,70,239.49,242.67,248.75,237.55
NVDA,262.12,265.11,257.85,265.82,255.52,71,249.59,264.95,265.45,247.84
NVDA,256.06,245.07,249.86,257.85,241.65,72,262.12,265.11,265.82,255.52
NVDA,247.0,236.42,240.6399,249.86,231.0,73,256.06,245.07,257.85,241.65
NVDA,230.32,233.9,241.5499,240.6399,230.0,74,247.0,236.42,249.86,231.0
NVDA,237.87,223.87,238.0,241.5499,223.04,75,230.32,233.9,240.6399,230.0
NVDA,210.0,237.48,242.17,238.0,208.9,76,237.87,223.87,241.5499,223.04
NVDA,237.32,241.57,246.65,242.17,233.81,77,210.0,237.48,238.0,208.9
NVDA,239.97,243.85,243.77,246.65,237.0701,78,237.32,241.57,242.17,233.81
NVDA,242.76,234.77,244.09,243.77,231.32,79,239.97,243.85,246.65,237.0701
NVDA,237.51,242.2,243.2599,244.09,234.15,80,242.76,234.77,243.77,231.32
NVDA,242.63,237.14,236.8,243.2599,234.69,81,237.51,242.2,244.09,234.15
NVDA,234.0,229.36,230.33,236.8,224.82,82,242.63,237.14,243.2599,234.69
NVDA,228.38,213.52,223.7299,230.33,213.3,83,234.0,229.36,236.8,224.82
NVDA,213.0,215.14,232.17,223.7299,206.5,84,228.38,213.52,230.33,213.3
NVDA,223.5,230.14,227.88,232.17,222.47,85,213.0,215.14,223.7299,206.5
NVDA,225.78,226.58,231.45,227.88,218.82,86,223.5,230.14,232.17,222.47
NVDA,230.35,221.0,222.62,231.45,220.46,87,225.78,226.58,227.88,218.82
NVDA,218.16,213.3,230.38,222.62,211.5901,88,230.35,221.0,231.45,220.46
NVDA,215.46,229.73,245.97,230.38,213.2201,89,218.16,213.3,222.62,211.5901
ULTA,385.87,391.85,393.0,394.14,382.0,1,383.55,381.07,387.56,378.7
ULTA,391.7,388.11,402.35,393.0,386.61,2,385.87,391.85,394.14,382.0
ULTA,389.23,395.11,397.47,402.35,388.7177,3,391.7,388.11,393.0,386.61
ULTA,393.38,391.34,398.27,397.47,387.9,4,389.23,395.11,402.35,388.7177
ULTA,392.94,395.57,400.81,398.27,392.01,5,393.38,391.34,397.47,387.9
ULTA,397.28,396.5,407.95,400.81,394.11,6,392.94,395.57,398.27,392.01
ULTA,400.0,401.73,417.8464,407.95,398.15,7,397.28,396.5,400.81,394.11
ULTA,400.94,413.86,415.79,417.8464,400.28,8,400.0,401.73,407.95,398.15
ULTA,413.14,402.21,407.72,415.79,401.33,9,400.94,413.86,417.8464,400.28
ULTA,407.6,405.65,410.55,407.72,399.355,10,413.14,402.21,415.79,401.33
ULTA,405.55,407.71,414.705,410.55,400.1,11,407.6,405.65,407.72,399.355
ULTA,411.37,411.77,411.64,414.705,407.41,12,405.55,407.71,410.55,400.1
ULTA,410.68,408.93,409.97,411.64,397.43,13,411.37,411.77,414.705,407.41
ULTA,401.26,409.56,403.22,409.97,400.3653,14,410.68,408.93,411.64,397.43
ULTA,394.91,399.53,407.74,403.22,393.0,15,401.26,409.56,409.97,400.3653
ULTA,407.61,401.42,399.94,407.74,397.03,16,394.91,399.53,403.22,393.0
ULTA,398.37,383.95,394.96,399.94,380.29,17,407.61,401.42,407.74,397.03
ULTA,391.87,370.02,384.53,394.96,369.51,18,398.37,383.95,399.94,380.29
ULTA,370.39,383.64,404.0,384.53,364.03,19,391.87,370.02,394.96,369.51
ULTA,402.0,378.81,398.094,404.0,372.84,20,370.39,383.64,384.53,364.03
ULTA,383.62,390.02,415.27,398.094,381.1,21,402.0,378.81,404.0,372.84
ULTA,395.325,407.7,414.26,415.27,392.53,22,383.62,390.02,398.094,381.1
ULTA,406.73,412.09,417.25,414.26,405.6,23,395.325,407.7,415.27,392.53
ULTA,410.19,404.41,404.79,417.25,404.19,24,406.73,412.09,414.26,405.6
ULTA,403.62,403.49,405.31,404.79,396.01,25,410.19,404.41,417.25,404.19
ULTA,400.73,388.29,391.03,405.31,387.82,26,403.62,403.49,404.79,396.01
ULTA,384.51,389.65,395.9183,391.03,380.77,27,400.73,388.29,405.31,387.82
ULTA,389.65,394.61,400.0,395.9183,382.4,28,384.51,389.65,391.03,380.77
ULTA,399.09,385.17,390.04,400.0,384.31,29,389.65,394.61,395.9183,382.4
ULTA,381.18,380.94,373.32,390.04,376.32,30,399.09,385.17,400.0,384.31
ULTA,373.32,365.82,380.02,373.32,362.295,31,381.18,380.94,390.04,376.32
ULTA,370.2,378.27,388.27,380.02,368.95,32,373.32,365.82,373.32,362.295
ULTA,378.16,387.91,396.205,388.27,375.27,33,370.2,378.27,380.02,368.95
ULTA,389.17,392.37,405.0,396.205,388.05,34,378.16,387.91,388.27,375.27
ULTA,394.78,403.84,406.5192,405.0,393.5,35,389.17,392.37,396.205,388.05
ULTA,405.99,398.81,406.43,406.5192,397.54,36,394.78,403.84,405.0,393.5
ULTA,399.66,405.3,413.63,406.43,397.083,37,405.99,398.81,406.5192,397.54
ULTA,407.49,404.79,414.65,413.63,404.0,38,399.66,405.3,406.43,397.083
ULTA,404.13,412.34,420.97,414.65,403.5253,39,407.49,404.79,413.63,404.0
ULTA,413.7,413.23,422.43,420.97,409.71,40,404.13,412.34,414.65,403.5253
ULTA,418.2,418.74,417.07,422.43,412.61,41,413.7,413.23,420.97,409.71
ULTA,418.48,401.49,405.15,417.07,401.2,42,418.2,418.74,422.43,412.61
ULTA,402.97,400.49,404.99,405.15,395.61,43,418.48,401.49,417.07,401.2
ULTA,398.58,397.1,393.17,404.99,393.63,44,402.97,400.49,405.15,395.61
ULTA,393.17,381.04,387.0,393.17,369.495,45,398.58,397.1,404.99,393.63
ULTA,382.15,384.44,390.555,387.0,372.0,46,393.17,381.04,393.17,369.495
ULTA,386.57,384.16,388.73,390.555,380.11,47,382.15,384.44,387.0,372.0
ULTA,384.55,378.15,377.45,388.73,376.68,48,386.57,384.16,390.555,380.11
ULTA,377.45,374.48,377.0,377.45,364.5,49,384.55,378.15,388.73,376.68
ULTA,368.09,372.97,381.09,377.0,365.97,50,377.45,374.48,377.45,364.5
ULTA,374.93,371.68,379.49,381.09,371.47,51,368.09,372.97,377.0,365.97
ULTA,373.85,359.11,360.23,379.49,357.27,52,374.93,371.68,381.09,371.47
ULTA,356.83,349.42,365.76,360.23,348.63,53,373.85,359.11,379.49,357.27
ULTA,339.85,364.84,359.39,365.76,336.2912,54,356.83,349.42,360.23,348.63
ULTA,359.58,352.74,365.63,359.39,347.07,55,339.85,364.84,365.76,336.2912
ULTA,360.05,353.81,363.025,365.63,350.3,56,359.58,352.74,359.39,347.07
ULTA,361.16,351.58,359.1,363.025,348.46,57,360.05,353.81,365.63,350.3
ULTA,352.74,358.83,364.85,359.1,346.93,58,361.16,351.58,363.025,348.46
ULTA,358.03,363.74,373.41,364.85,356.33,59,352.74,358.83,359.1,346.93
ULTA,363.81,372.32,375.47,373.41,361.8435,60,358.03,363.74,364.85,356.33
ULTA,374.69,371.69,373.01,375.47,366.4,61,363.81,372.32,373.41,361.8435
ULTA,366.67,364.76,369.615,373.01,363.79,62,374.69,371.69,375.47,366.4
ULTA,364.03,365.73,372.23,369.615,359.01,63,366.67,364.76,373.01,363.79
ULTA,367.04,364.26,369.31,372.23,361.95,64,364.03,365.73,369.615,359.01
ULTA,364.53,364.23,376.82,369.31,357.81,65,367.04,364.26,372.23,361.95
ULTA,368.67,376.04,383.22,376.82,367.08,66,364.53,364.23,369.31,357.81
ULTA,370.95,374.01,375.92,383.22,370.86,67,368.67,376.04,376.82,367.08
ULTA,373.0,362.17,367.555,375.92,359.72,68,370.95,374.01,383.22,370.86
ULTA,363.05,362.65,379.77,367.555,357.265,69,373.0,362.17,375.92,359.72
ULTA,366.68,379.65,383.29,379.77,363.875,70,363.05,362.65,367.555,357.265
ULTA,377.23,381.6,380.6669,383.29,376.35,71,366.68,379.65,379.77,363.875
ULTA,379.69,369.12,381.74,380.6669,367.77,72,377.23,381.6,383.29,376.35
ULTA,368.74,375.83,379.84,381.74,367.0,73,379.69,369.12,380.6669,367.77
ULTA,371.15,368.13,372.82,379.84,360.99,74,368.74,375.83,381.74,367.0
ULTA,370.11,355.07,373.67,372.82,352.88,75,371.15,368.13,379.84,360.99
ULTA,344.02,373.09,378.49,373.67,341.47,76,370.11,355.07,372.82,352.88
ULTA,373.82,378.07,377.99,378.49,366.86,77,344.02,373.09,373.67,341.47
ULTA,370.9,374.5,375.76,377.99,367.54,78,373.82,378.07,378.49,366.86
ULTA,373.02,369.01,384.0,375.76,365.84,79,370.9,374.5,377.99,367.54
ULTA,371.62,381.5,383.0,384.0,369.96,80,373.02,369.01,375.76,365.84
ULTA,382.26,373.69,373.46,383.0,367.03,81,371.62,381.5,384.0,369.96
ULTA,371.02,366.76,369.71,373.46,361.945,82,382.26,373.69,383.0,367.03
ULTA,368.0,350.84,369.465,369.71,350.4,83,371.02,366.76,373.46,361.945
ULTA,354.45,359.02,376.33,369.465,350.1,84,368.0,350.84,369.71,350.4
ULTA,368.97,373.31,380.82,376.33,368.1,85,354.45,359.02,369.465,350.1
ULTA,367.36,379.37,388.9999,380.82,364.0,86,368.97,373.31,376.33,368.1
ULTA,386.96,368.51,371.58,388.9999,366.43,87,367.36,379.37,380.82,364.0
ULTA,369.62,357.52,372.11,371.58,355.28,88,386.96,368.51,388.9999,366.43
ULTA,361.48,371.38,390.97,372.11,360.6,89,369.62,357.52,371.58,355.28
STWD,25.93,26.04,26.225,26.15,25.9,1,25.86,25.74,25.88,25.535
STWD,26.19,25.95,26.125,26.225,25.83,2,25.93,26.04,26.15,25.9
STWD,25.75,26.04,26.355,26.125,25.55,3,26.19,25.95,26.225,25.83
STWD,26.09,26.09,26.33,26.355,26.055,4,25.75,26.04,26.125,25.55
STWD,26.15,26.23,26.25,26.33,26.13,5,26.09,26.09,26.355,26.055
STWD,26.15,26.1,26.32,26.25,26.0535,6,26.15,26.23,26.33,26.13
STWD,26.18,26.2,26.25,26.32,26.065,7,26.15,26.1,26.25,26.0535
STWD,26.08,26.05,26.01,26.25,25.93,8,26.18,26.2,26.32,26.065
STWD,26.0,25.84,25.885,26.01,25.595,9,26.08,26.05,26.25,25.93
STWD,25.84,25.73,25.95,25.885,25.5945,10,26.0,25.84,26.01,25.595
STWD,25.58,25.91,26.3,25.95,25.3918,11,25.84,25.73,25.885,25.5945
STWD,26.12,26.12,26.29,26.3,25.97,12,25.58,25.91,25.95,25.3918
STWD,26.19,26.21,26.34,26.29,25.99,13,26.12,26.12,26.3,25.97
STWD,26.14,26.26,25.94,26.34,26.1,14,26.19,26.21,26.29,25.99
STWD,25.85,25.67,25.92,25.94,25.27,15,26.14,26.26,26.34,26.1
STWD,25.87,25.7,25.5,25.92,25.48,16,25.85,25.67,25.94,25.27
STWD,25.41,24.96,25.707,25.5,24.835,17,25.87,25.7,25.92,25.48
STWD,25.33,24.82,25.719,25.707,24.81,18,25.41,24.96,25.5,24.835
STWD,25.0,25.57,25.6601,25.719,24.9156,19,25.33,24.82,25.707,24.81
STWD,25.59,25.09,25.73,25.6601,24.98,20,25.0,25.57,25.719,24.9156
STWD,25.39,25.44,25.95,25.73,25.18,21,25.59,25.09,25.6601,24.98
STWD,25.58,25.72,24.975,25.95,25.55,22,25.39,25.44,25.73,25.18
STWD,24.85,24.79,25.0,24.975,24.73,23,25.58,25.72,25.95,25.55
STWD,24.8,24.81,24.952,25.0,24.66,24,24.85,24.79,24.975,24.73
STWD,24.9,24.56,24.59,24.952,24.53,25,24.8,24.81,25.0,24.66
STWD,24.53,23.91,23.97,24.59,23.85,26,24.9,24.56,24.952,24.53
STWD,23.815,23.19,23.66,23.97,23.15,27,24.53,23.91,24.59,23.85
STWD,23.3,23.6,23.9,23.66,23.01,28,23.815,23.19,23.97,23.15
STWD,23.87,23.39,23.52,23.9,23.22,29,23.3,23.6,23.66,23.01
STWD,23.38,23.29,23.0,23.52,22.94,30,23.87,23.39,23.9,23.22
STWD,22.99,22.73,24.52,23.0,22.4029,31,23.38,23.29,23.52,22.94
STWD,23.215,24.42,24.7088,24.52,23.19,32,22.99,22.73,23.0,22.4029
STWD,24.54,24.53,25.0,24.7088,24.38,33,23.215,24.42,24.52,23.19
STWD,24.71,24.82,25.0,25.0,24.66,34,24.54,24.53,24.7088,24.38
STWD,24.77,24.99,25.16,25.0,24.64,35,24.71,24.82,25.0,24.66
STWD,25.0,24.81,24.9,25.16,24.77,36,24.77,24.99,25.0,24.64
STWD,24.79,24.84,24.6954,24.9,24.64,37,25.0,24.81,25.16,24.77
STWD,24.48,24.38,24.515,24.6954,24.35,38,24.79,24.84,24.9,24.64
STWD,24.44,24.3,24.89,24.515,24.215,39,24.48,24.38,24.6954,24.35
STWD,24.4,24.74,25.12,24.89,24.39,40,24.44,24.3,24.515,24.215
STWD,24.75,24.97,25.335,25.12,24.79,41,24.4,24.74,24.89,24.39
STWD,25.02,24.85,25.2351,25.335,24.84,42,24.75,24.97,25.12,24.79
STWD,25.05,24.97,25.13,25.2351,24.81,43,25.02,24.85,25.335,24.84
STWD,25.04,24.87,24.94,25.13,24.86,44,25.05,24.97,25.2351,24.81
STWD,24.78,24.91,25.43,24.94,24.61,45,25.04,24.87,25.13,24.86
STWD,24.98,25.43,25.55,25.43,24.96,46,24.78,24.91,24.94,24.61
STWD,25.41,25.44,25.695,25.55,25.21,47,24.98,25.43,25.43,24.96
STWD,25.5,25.4,25.465,25.695,25.36,48,25.41,25.44,25.55,25.21
STWD,25.465,25.36,25.41,25.465,25.11,49,25.5,25.4,25.695,25.36
STWD,25.3,25.18,25.2799,25.41,25.12,50,25.465,25.36,25.465,25.11
STWD,25.13,24.69,25.065,25.2799,24.68,51,25.3,25.18,25.41,25.12
STWD,24.69,24.42,24.34,25.065,24.41,52,25.13,24.69,25.2799,24.68
STWD,24.28,24.05,24.0999,24.34,23.9,53,24.69,24.42,25.065,24.41
STWD,23.54,24.0,24.235,24.0999,23.0234,54,24.28,24.05,24.34,23.9
STWD,23.59,24.1,24.72,24.235,23.41,55,23.54,24.0,24.0999,23.0234
STWD,24.41,24.22,24.69,24.72,23.99,56,23.59,24.1,24.235,23.41
STWD,24.38,24.02,24.1,24.69,23.835,57,24.41,24.22,24.72,23.99
STWD,23.98,24.07,24.76,24.1,23.58,58,24.38,24.02,24.69,23.835
STWD,24.11,24.75,24.94,24.76,24.0,59,23.98,24.07,24.1,23.58
STWD,24.73,24.9,25.03,24.94,24.48,60,24.11,24.75,24.76,24.0
STWD,24.86,24.77,24.78,25.03,24.595,61,24.73,24.9,24.94,24.48
STWD,24.65,24.41,24.61,24.78,24.395,62,24.86,24.77,25.03,24.595
STWD,24.33,24.42,24.76,24.61,24.1,63,24.65,24.41,24.78,24.395
STWD,24.56,24.68,24.85,24.76,24.39,64,24.33,24.42,24.61,24.1
STWD,24.77,24.67,25.0,24.85,24.58,65,24.56,24.68,24.76,24.39
STWD,24.86,24.89,25.06,25.0,24.77,66,24.77,24.67,24.85,24.58
STWD,24.77,24.51,24.8,25.06,24.44,67,24.86,24.89,25.0,24.77
STWD,24.52,24.26,24.37,24.8,24.0703,68,24.77,24.51,25.06,24.44
STWD,24.3,24.18,24.755,24.37,23.95,69,24.52,24.26,24.8,24.0703
STWD,24.53,24.74,24.925,24.755,24.36,70,24.3,24.18,24.37,23.95
STWD,24.71,24.8,24.75,24.925,24.565,71,24.53,24.74,24.755,24.36
STWD,24.63,24.29,24.645,24.75,24.24,72,24.71,24.8,24.925,24.565
STWD,24.38,24.29,24.24,24.645,24.28,73,24.63,24.29,24.75,24.24
STWD,24.11,23.91,24.13,24.24,23.62,74,24.38,24.29,24.645,24.28
STWD,24.11,23.26,23.61,24.13,23.26,75,24.11,23.91,24.24,23.62
STWD,22.5,23.48,24.07,23.61,22.45,76,24.11,23.26,24.13,23.26
STWD,23.905,23.95,24.03,24.07,23.4392,77,22.5,23.48,23.61,22.45
STWD,23.69,23.84,23.79,24.03,23.41,78,23.905,23.95,24.07,23.4392
STWD,23.77,23.25,23.935,23.79,23.0984,79,23.69,23.84,24.03,23.41
STWD,23.44,23.89,24.0,23.935,23.42,80,23.77,23.25,23.79,23.0984
STWD,23.97,23.59,23.43,24.0,23.48,81,23.44,23.89,23.935,23.42
STWD,23.39,23.38,23.3,23.43,23.13,82,23.97,23.59,24.0,23.48
STWD,23.29,22.4,23.025,23.3,22.39,83,23.39,23.38,23.43,23.13
STWD,22.58,22.58,23.255,23.025,22.3704,84,23.29,22.4,23.3,22.39
STWD,23.03,22.92,23.04,23.255,22.92,85,22.58,22.58,23.025,22.3704
STWD,22.6,23.0,23.21,23.04,22.575,86,23.03,22.92,23.255,22.92
STWD,23.21,22.98,23.25,23.21,22.96,87,22.6,23.0,23.04,22.575
STWD,23.22,22.75,23.22,23.25,22.62,88,23.21,22.98,23.21,22.96
STWD,22.85,23.18,23.6001,23.22,22.75,89,23.22,22.75,23.25,22.62
TXT,77.3,77.44,78.13,78.0,76.77,1,77.25,76.02,77.6,75.96
TXT,77.64,76.06,76.5,78.13,75.72,2,77.3,77.44,78.0,76.77
TXT,76.2,76.43,76.82,76.5,75.53,3,77.64,76.06,78.13,75.72
TXT,76.54,75.32,76.93,76.82,75.17,4,76.2,76.43,76.5,75.53
TXT,75.52,76.87,77.27,76.93,75.39,5,76.54,75.32,76.82,75.17
TXT,76.65,77.03,77.6,77.27,76.64,6,75.52,76.87,76.93,75.39
TXT,77.36,76.57,76.75,77.6,76.25,7,76.65,77.03,77.27,76.64
TXT,76.35,75.73,75.98,76.75,75.68,8,77.36,76.57,77.6,76.25
TXT,75.69,75.42,75.75,75.98,75.12,9,76.35,75.73,76.75,75.68
TXT,75.41,75.25,75.71,75.75,74.345,10,75.69,75.42,75.98,75.12
TXT,74.81,75.34,77.67,75.71,73.74,11,75.41,75.25,75.75,74.345
TXT,75.36,76.68,77.665,77.67,75.45,12,74.81,75.34,75.71,73.74
TXT,76.95,76.09,75.86,77.665,76.01,13,75.36,76.68,77.67,75.45
TXT,75.38,75.31,73.02,75.86,75.24,14,76.95,76.09,77.665,76.01
TXT,71.59,72.73,73.67,73.02,70.415,15,75.38,75.31,75.86,75.24
TXT,73.75,72.79,72.77,73.67,71.3,16,71.59,72.73,73.02,70.415
TXT,72.47,70.8,72.48,72.77,70.48,17,73.75,72.79,73.67,71.3
TXT,72.075,69.15,73.07,72.48,69.11,18,72.47,70.8,72.77,70.48
TXT,70.06,72.72,73.04,73.07,69.8,19,72.075,69.15,72.48,69.11
TXT,72.96,72.25,74.775,73.04,71.53,20,70.06,72.72,73.07,69.8
TXT,72.95,73.8,76.18,74.775,72.93,21,72.96,72.25,73.04,71.53
TXT,74.41,75.23,76.27,76.18,74.05,22,72.95,73.8,74.775,72.93
TXT,75.67,75.1,75.32,76.27,74.99,23,74.41,75.23,76.18,74.05
TXT,74.34,74.48,75.61,75.32,73.78,24,75.67,75.1,76.27,74.99
TXT,75.07,75.41,75.325,75.61,74.75,25,74.34,74.48,75.32,73.78
TXT,74.83,73.13,74.14,75.325,72.88,26,75.07,75.41,75.61,74.75
TXT,72.895,73.14,75.23,74.14,72.65,27,74.83,73.13,75.325,72.88
TXT,73.41,75.15,76.08,75.23,72.86,28,72.895,73.14,74.14,72.65
TXT,75.63,74.64,75.08,76.08,74.52,29,73.41,75.15,75.23,72.86
TXT,74.66,74.08,72.94,75.08,73.2,30,75.63,74.64,76.08,74.52
TXT,72.78,72.25,75.515,72.94,70.94,31,74.66,74.08,75.08,73.2
TXT,73.32,75.02,75.7,75.515,73.09,32,72.78,72.25,72.94,70.94
TXT,74.86,75.0,76.25,75.7,74.685,33,73.32,75.02,75.515,73.09
TXT,75.5,75.91,77.05,76.25,75.01,34,74.86,75.0,75.7,74.685
TXT,75.73,76.99,77.77,77.05,75.45,35,75.5,75.91,76.25,75.01
TXT,77.19,77.19,77.58,77.77,76.72,36,75.73,76.99,77.05,75.45
TXT,76.74,77.49,78.19,77.58,76.53,37,77.19,77.19,77.77,76.72
TXT,77.75,77.17,77.56,78.19,77.13,38,76.74,77.49,77.58,76.53
TXT,77.11,77.2,77.97,77.56,76.83,39,77.75,77.17,78.19,77.13
TXT,77.58,76.34,77.84,77.97,75.83,40,77.11,77.2,77.56,76.83
TXT,76.85,77.69,78.85,77.84,76.58,41,77.58,76.34,77.97,75.83
TXT,78.345,76.32,77.355,78.85,76.01,42,76.85,77.69,77.84,76.58
TXT,77.04,76.78,79.45,77.355,76.21,43,78.345,76.32,78.85,76.01
TXT,77.2,78.25,78.24,79.45,76.69,44,77.04,76.78,77.355,76.21
TXT,78.01,76.75,77.15,78.24,75.87,45,77.2,78.25,79.45,76.69
TXT,77.01,76.5,77.54,77.15,75.54,46,78.01,76.75,78.24,75.87
TXT,77.26,76.88,78.14,77.54,75.91,47,77.01,76.5,77.15,75.54
TXT,76.94,77.11,76.8463,78.14,76.735,48,77.26,76.88,77.54,75.91
TXT,75.86,76.66,76.17,76.8463,75.34,49,76.94,77.11,78.14,76.735
TXT,76.26,75.21,76.15,76.17,74.21,50,75.86,76.66,76.8463,75.34
TXT,75.59,74.81,75.8094,76.15,74.61,51,76.26,75.21,76.17,74.21
TXT,75.39,73.24,73.92,75.8094,73.115,52,75.59,74.81,76.15,74.61
TXT,73.0,71.61,72.24,73.92,71.46,53,75.39,73.24,75.8094,73.115
TXT,69.77,71.89,72.25,72.24,68.12,54,73.0,71.61,73.92,71.46
TXT,70.62,71.23,73.52,72.25,69.08,55,69.77,71.89,72.24,68.12
TXT,72.17,71.75,71.36,73.52,70.49,56,70.62,71.23,72.25,69.08
TXT,70.53,66.65,66.74,71.36,65.97,57,72.17,71.75,73.52,70.49
TXT,65.75,66.67,68.29,66.74,64.52,58,70.53,66.65,71.36,65.97
TXT,66.07,68.06,69.2,68.29,65.6,59,65.75,66.67,66.74,64.52
TXT,68.22,68.87,70.02,69.2,67.63,60,66.07,68.06,68.29,65.6
TXT,68.76,69.77,69.47,70.02,68.335,61,68.22,68.87,69.2,67.63
TXT,68.58,68.11,68.15,69.47,67.97,62,68.76,69.77,70.02,68.335
TXT,67.66,67.24,68.145,68.15,65.95,63,68.58,68.11,69.47,67.97
TXT,67.76,67.47,69.095,68.145,66.89,64,67.66,67.24,68.15,65.95
TXT,67.65,69.04,71.94,69.095,67.33,65,67.76,67.47,68.145,66.89
TXT,69.56,71.59,72.77,71.94,69.25,66,67.65,69.04,69.095,67.33
TXT,70.66,70.62,71.78,72.77,70.21,67,69.56,71.59,71.94,69.25
TXT,70.82,69.71,70.2,71.78,68.64,68,70.66,70.62,72.77,70.21
TXT,69.48,68.56,70.995,70.2,67.81,69,70.82,69.71,71.78,68.64
TXT,69.43,70.54,72.36,70.995,69.36,70,69.48,68.56,70.2,67.81
TXT,70.35,72.2,71.7,72.36,70.34,71,69.43,70.54,70.995,69.36
TXT,71.29,70.11,70.955,71.7,69.89,72,70.35,72.2,72.36,70.34
TXT,70.07,69.52,69.865,70.955,69.29,73,71.29,70.11,71.7,69.89
TXT,69.65,68.06,69.63,69.865,67.58,74,70.07,69.52,70.955,69.29
TXT,69.0,68.56,69.76,69.63,68.52,75,69.65,68.06,69.865,67.58
TXT,66.83,69.5,71.82,69.76,65.98,76,69.0,68.56,69.63,68.52
TXT,69.75,71.48,73.41,71.82,69.48,77,66.83,69.5,69.76,65.98
TXT,71.05,73.13,73.0,73.41,70.64,78,69.75,71.48,71.82,69.48
TXT,73.0,71.07,73.73,73.0,69.9,79,71.05,73.13,73.41,70.64
TXT,72.19,73.42,73.97,73.73,71.5,80,73.0,71.07,73.0,69.9
TXT,73.815,72.35,71.67,73.97,71.66,81,72.19,73.42,73.73,71.5
TXT,71.67,71.23,71.93,71.67,69.66,82,73.815,72.35,73.97,71.66
TXT,71.11,67.98,70.07,71.93,67.89,83,71.67,71.23,71.67,69.66
TXT,68.1,67.6,70.77,70.07,67.4,84,71.11,67.98,71.93,67.89
TXT,69.32,70.03,69.7212,70.77,68.53,85,68.1,67.6,70.07,67.4
TXT,68.39,69.56,70.88,69.7212,68.28,86,69.32,70.03,70.77,68.53
TXT,70.7,69.19,70.57,70.88,69.11,87,68.39,69.56,69.7212,68.28
TXT,70.13,69.89,72.09,70.57,69.35,88,70.7,69.19,70.88,69.11
TXT,70.71,71.8,74.1,72.09,70.02,89,70.13,69.89,70.57,69.35
BXMT,33.5,33.7,33.7,33.79,33.05,1,33.33,33.12,33.49,32.95
BXMT,33.63,33.49,33.75,33.7,33.345,2,33.5,33.7,33.79,33.05
BXMT,33.47,33.66,33.87,33.75,33.43,3,33.63,33.49,33.7,33.345
BXMT,33.59,33.63,33.885,33.87,33.5605,4,33.47,33.66,33.75,33.43
BXMT,33.67,33.81,34.04,33.885,33.57,5,33.59,33.63,33.87,33.5605
BXMT,33.91,33.65,33.8498,34.04,33.5701,6,33.67,33.81,33.885,33.57
BXMT,33.74,33.48,33.5702,33.8498,33.425,7,33.91,33.65,34.04,33.5701
BXMT,33.42,33.15,33.15,33.5702,33.14,8,33.74,33.48,33.8498,33.425
BXMT,33.04,33.07,33.07,33.15,32.7,9,33.42,33.15,33.5702,33.14
BXMT,33.0,32.76,31.9325,33.07,32.5737,10,33.04,33.07,33.15,32.7
BXMT,31.64,31.61,31.915,31.9325,31.3508,11,33.0,32.76,33.07,32.5737
BXMT,31.74,31.6,31.9,31.915,31.55,12,31.64,31.61,31.9325,31.3508
BXMT,31.82,31.69,31.9,31.9,31.56,13,31.74,31.6,31.915,31.55
BXMT,31.71,31.75,31.42,31.9,31.63,14,31.82,31.69,31.9,31.56
BXMT,31.46,30.9,31.48,31.42,30.4721,15,31.71,31.75,31.9,31.63
BXMT,31.17,30.73,30.65,31.48,30.39,16,31.46,30.9,31.42,30.4721
BXMT,30.52,30.0,30.8,30.65,29.819,17,31.17,30.73,31.48,30.39
BXMT,30.57,29.47,30.85,30.8,29.27,18,30.52,30.0,30.65,29.819
BXMT,29.74,30.74,30.82,30.85,29.72,19,30.57,29.47,30.8,29.27
BXMT,30.75,30.23,30.89,30.82,30.08,20,29.74,30.74,30.85,29.72
BXMT,30.67,30.67,31.4,30.89,30.43,21,30.75,30.23,30.82,30.08
BXMT,30.72,31.17,31.505,31.4,30.665,22,30.67,30.67,30.89,30.43
BXMT,31.0,31.16,31.135,31.505,31.0,23,30.72,31.17,31.4,30.665
BXMT,30.97,30.82,31.01,31.135,30.77,24,31.0,31.16,31.505,31.0
BXMT,30.91,30.44,30.45,31.01,30.28,25,30.97,30.82,31.135,30.77
BXMT,30.25,30.25,30.54,30.45,29.8512,26,30.91,30.44,31.01,30.28
BXMT,30.28,29.95,30.73,30.54,29.88,27,30.25,30.25,30.45,29.8512
BXMT,30.03,30.65,31.22,30.73,29.81,28,30.28,29.95,30.54,29.88
BXMT,30.98,30.34,30.7,31.22,30.17,29,30.03,30.65,30.73,29.81
BXMT,30.29,30.54,30.13,30.7,30.03,30,30.98,30.34,31.22,30.17
BXMT,30.04,29.72,30.89,30.13,29.3,31,30.29,30.54,30.7,30.03
BXMT,30.13,30.79,31.38,30.89,29.96,32,30.04,29.72,30.13,29.3
BXMT,30.79,31.13,31.52,31.38,30.71,33,30.13,30.79,30.89,29.96
BXMT,31.23,31.46,31.75,31.52,31.16,34,30.79,31.13,31.38,30.71
BXMT,31.6,31.62,31.96,31.75,31.15,35,31.23,31.46,31.52,31.16
BXMT,31.62,31.58,31.83,31.96,31.555,36,31.6,31.62,31.75,31.15
BXMT,31.58,31.83,31.3904,31.83,31.235,37,31.62,31.58,31.96,31.555
BXMT,31.14,30.88,31.03,31.3904,30.86,38,31.58,31.83,31.83,31.235
BXMT,30.87,30.62,31.37,31.03,30.61,39,31.14,30.88,31.3904,30.86
BXMT,30.99,31.11,31.595,31.37,30.72,40,30.87,30.62,31.03,30.61
BXMT,31.38,31.29,31.46,31.595,31.038,41,30.99,31.11,31.37,30.72
BXMT,31.46,30.82,31.35,31.46,30.81,42,31.38,31.29,31.595,31.038
BXMT,31.18,31.12,31.55,31.35,30.87,43,31.46,30.82,31.46,30.81
BXMT,31.34,31.31,31.571,31.55,31.2,44,31.18,31.12,31.35,30.87
BXMT,31.31,31.41,31.97,31.571,31.13,45,31.34,31.31,31.55,31.2
BXMT,31.44,31.94,32.31,31.97,31.42,46,31.31,31.41,31.571,31.13
BXMT,32.15,31.99,32.45,32.31,31.87,47,31.44,31.94,31.97,31.42
BXMT,32.2,31.95,31.95,32.45,31.87,48,32.15,31.99,32.31,31.87
BXMT,31.7,31.91,32.17,31.95,31.47,49,32.2,31.95,32.45,31.87
BXMT,31.88,31.77,31.86,32.17,31.695,50,31.7,31.91,31.95,31.47
BXMT,31.75,31.25,31.61,31.86,31.24,51,31.88,31.77,32.17,31.695
BXMT,31.22,30.82,30.98,31.61,30.79,52,31.75,31.25,31.86,31.24
BXMT,30.64,30.56,30.57,30.98,30.45,53,31.22,30.82,31.61,30.79
BXMT,30.11,30.46,31.125,30.57,29.26,54,30.64,30.56,30.98,30.45
BXMT,30.02,30.87,31.48,31.125,29.7,55,30.11,30.46,30.57,29.26
BXMT,31.13,30.48,31.07,31.48,30.35,56,30.02,30.87,31.125,29.7
BXMT,30.72,30.02,30.51,31.07,29.81,57,31.13,30.48,31.48,30.35
BXMT,29.99,30.5,31.43,30.51,29.525,58,30.72,30.02,31.07,29.81
BXMT,30.42,31.42,31.44,31.43,30.3,59,29.99,30.5,30.51,29.525
BXMT,31.29,31.32,31.42,31.44,30.75,60,30.42,31.42,31.43,30.3
BXMT,31.38,31.2,31.15,31.42,30.96,61,31.29,31.32,31.44,30.75
BXMT,31.01,30.79,30.89,31.15,30.7,62,31.38,31.2,31.42,30.96
BXMT,30.56,30.77,31.0876,30.89,30.25,63,31.01,30.79,31.15,30.7
BXMT,30.89,30.85,30.97,31.0876,30.67,64,30.56,30.77,30.89,30.25
BXMT,30.89,30.74,31.91,30.97,30.5,65,30.89,30.85,31.0876,30.67
BXMT,31.42,31.76,32.2599,31.91,31.15,66,30.89,30.74,30.97,30.5
BXMT,31.82,31.28,31.78,32.2599,31.14,67,31.42,31.76,31.91,31.15
BXMT,31.31,31.28,31.59,31.78,30.96,68,31.82,31.28,32.2599,31.14
BXMT,31.37,31.3,31.925,31.59,31.03,69,31.31,31.28,31.78,30.96
BXMT,31.63,31.89,32.445,31.925,31.52,70,31.37,31.3,31.59,31.03
BXMT,32.0,32.27,32.29,32.445,31.82,71,31.63,31.89,31.925,31.52
BXMT,32.12,31.78,32.15,32.29,31.68,72,32.0,32.27,32.445,31.82
BXMT,31.88,31.82,31.605,32.15,31.68,73,32.12,31.78,32.29,31.68
BXMT,31.45,30.95,31.31,31.605,30.65,74,31.88,31.82,32.15,31.68
BXMT,31.1,30.61,31.26,31.31,30.565,75,31.45,30.95,31.605,30.65
BXMT,30.0,31.09,31.7285,31.26,29.76,76,31.1,30.61,31.31,30.565
BXMT,31.27,31.65,31.86,31.7285,31.12,77,30.0,31.09,31.26,29.76
BXMT,31.3,31.78,31.75,31.86,31.14,78,31.27,31.65,31.7285,31.12
BXMT,31.59,31.29,32.01,31.75,30.85,79,31.3,31.78,31.86,31.14
BXMT,31.4,31.92,32.09,32.01,31.33,80,31.59,31.29,31.75,30.85
BXMT,32.02,31.84,31.8,32.09,31.55,81,31.4,31.92,32.01,31.33
BXMT,31.55,31.78,31.77,31.8,31.31,82,32.02,31.84,32.09,31.55
BXMT,31.65,31.35,31.85,31.77,31.34,83,31.55,31.78,31.8,31.31
BXMT,31.5,31.28,31.9,31.85,31.22,84,31.65,31.35,31.77,31.34
BXMT,31.72,31.18,31.37,31.9,31.155,85,31.5,31.28,31.85,31.22
BXMT,31.0,31.29,31.8,31.37,30.7076,86,31.72,31.18,31.9,31.155
BXMT,31.38,31.55,31.855,31.8,31.205,87,31.0,31.29,31.37,30.7076
BXMT,31.79,31.34,31.565,31.855,31.045,88,31.38,31.55,31.8,31.205
BXMT,31.33,31.2,31.64,31.565,30.99,89,31.79,31.34,31.855,31.045
EQH,35.94,35.19,35.68,36.09,34.875,1,35.53,35.43,36.03,34.982
EQH,35.46,34.94,34.98,35.68,34.84,2,35.94,35.19,36.09,34.875
EQH,34.76,34.51,34.775,34.98,34.35,3,35.46,34.94,35.68,34.84
EQH,34.44,34.51,34.92,34.775,34.26,4,34.76,34.51,34.98,34.35
EQH,34.56,34.6,34.82,34.92,34.47,5,34.44,34.51,34.775,34.26
EQH,34.61,34.78,35.11,34.82,34.42,6,34.56,34.6,34.92,34.47
EQH,34.9,34.97,34.965,35.11,34.76,7,34.61,34.78,34.82,34.42
EQH,34.78,34.45,34.51,34.965,34.45,8,34.9,34.97,35.11,34.76
EQH,34.32,33.28,33.5799,34.51,33.14,9,34.78,34.45,34.965,34.45
EQH,33.31,33.11,33.02,33.5799,32.95,10,34.32,33.28,34.51,33.14
EQH,32.61,32.76,33.725,33.02,32.56,11,33.31,33.11,33.5799,32.95
EQH,33.14,33.25,34.32,33.725,33.03,12,32.61,32.76,33.02,32.56
EQH,33.44,33.95,33.9,34.32,33.24,13,33.14,33.25,33.725,33.03
EQH,33.7,33.78,32.645,33.9,33.56,14,33.44,33.95,34.32,33.24
EQH,32.46,32.45,32.9,32.645,31.18,15,33.7,33.78,33.9,33.56
EQH,32.8,32.24,32.24,32.9,32.02,16,32.46,32.45,32.645,31.18
EQH,31.99,31.46,32.44,32.24,31.33,17,32.8,32.24,32.9,32.02
EQH,32.2,30.59,31.63,32.44,30.57,18,31.99,31.46,32.24,31.33
EQH,30.81,31.27,32.415,31.63,30.69,19,32.2,30.59,32.44,30.57
EQH,31.75,31.44,32.5,32.415,31.22,20,30.81,31.27,31.63,30.69
EQH,31.93,32.05,32.865,32.5,31.62,21,31.75,31.44,32.415,31.22
EQH,32.33,32.66,33.19,32.865,32.28,22,31.93,32.05,32.5,31.62
EQH,32.75,32.83,32.87,33.19,32.61,23,32.33,32.66,32.865,32.28
EQH,32.53,32.53,32.9,32.87,32.39,24,32.75,32.83,33.19,32.61
EQH,32.8,32.35,32.37,32.9,32.23,25,32.53,32.53,32.87,32.39
EQH,32.14,32.04,32.51,32.37,31.74,26,32.8,32.35,32.9,32.23
EQH,32.04,32.13,32.49,32.51,31.945,27,32.14,32.04,32.37,31.74
EQH,32.25,32.38,33.0,32.49,31.7,28,32.04,32.13,32.51,31.945
EQH,32.98,32.2,32.28,33.0,31.93,29,32.25,32.38,32.49,31.7
EQH,31.99,31.85,31.35,32.28,31.49,30,32.98,32.2,33.0,31.93
EQH,31.13,30.76,32.06,31.35,30.0925,31,31.99,31.85,32.28,31.49
EQH,31.28,32.02,32.56,32.06,31.02,32,31.13,30.76,31.35,30.0925
EQH,32.14,32.54,33.26,32.56,31.9,33,31.28,32.02,32.06,31.02
EQH,32.84,32.96,33.165,33.26,32.75,34,32.14,32.54,32.56,31.9
EQH,33.04,33.03,33.335,33.165,32.77,35,32.84,32.96,33.26,32.75
EQH,33.02,33.08,33.37,33.335,32.82,36,33.04,33.03,33.165,32.77
EQH,33.1,33.06,33.4419,33.37,32.985,37,33.02,33.08,33.335,32.82
EQH,33.23,32.76,33.185,33.4419,32.76,38,33.1,33.06,33.37,32.985
EQH,32.89,32.79,33.48,33.185,32.79,39,33.23,32.76,33.4419,32.76
EQH,33.11,33.28,34.69,33.48,33.05,40,32.89,32.79,33.185,32.79
EQH,33.71,34.45,35.095,34.69,33.64,41,33.11,33.28,33.48,33.05
EQH,34.65,34.11,35.33,35.095,34.1,42,33.71,34.45,34.69,33.64
EQH,34.425,35.12,36.0,35.33,34.3,43,34.65,34.11,35.095,34.1
EQH,35.14,35.49,35.8456,36.0,35.12,44,34.425,35.12,35.33,34.3
EQH,35.81,35.17,35.82,35.8456,34.81,45,35.14,35.49,36.0,35.12
EQH,35.34,35.77,36.14,35.82,34.975,46,35.81,35.17,35.8456,34.81
EQH,36.06,35.6,36.33,36.14,35.47,47,35.34,35.77,35.82,34.975
EQH,35.87,35.7,35.99,36.33,35.545,48,36.06,35.6,36.14,35.47
EQH,35.22,35.98,36.01,35.99,34.88,49,35.87,35.7,36.33,35.545
EQH,35.93,35.06,35.34,36.01,34.995,50,35.22,35.98,35.99,34.88
EQH,35.3,34.39,35.28,35.34,34.375,51,35.93,35.06,36.01,34.995
EQH,34.54,34.3,34.27,35.28,34.2,52,35.3,34.39,35.34,34.375
EQH,33.97,33.32,33.005,34.27,33.215,53,34.54,34.3,35.28,34.2
EQH,32.42,32.93,33.31,33.005,31.32,54,33.97,33.32,34.27,33.215
EQH,32.445,32.94,33.8832,33.31,31.61,55,32.42,32.93,33.005,31.32
EQH,33.42,33.09,33.89,33.8832,32.58,56,32.445,32.94,33.31,31.61
EQH,33.55,32.28,32.2582,33.89,32.01,57,33.42,33.09,33.8832,32.58
EQH,32.18,31.99,33.77,32.2582,31.08,58,33.55,32.28,33.89,32.01
EQH,31.99,33.64,34.655,33.77,31.755,59,32.18,31.99,32.2582,31.08
EQH,33.42,34.64,35.0,34.655,33.25,60,31.99,33.64,33.77,31.755
EQH,34.75,34.8,34.53,35.0,34.47,61,33.42,34.64,34.655,33.25
EQH,34.44,33.4,34.76,34.53,33.34,62,34.75,34.8,35.0,34.47
EQH,33.41,34.59,35.315,34.76,33.365,63,34.44,33.4,34.53,33.34
EQH,34.85,35.06,35.9,35.315,34.67,64,33.41,34.59,34.76,33.365
EQH,35.24,35.81,36.745,35.9,35.03,65,34.85,35.06,35.315,34.67
EQH,35.97,36.22,37.13,36.745,35.91,66,35.24,35.81,35.9,35.03
EQH,36.09,36.3,36.3,37.13,36.03,67,35.97,36.22,36.745,35.91
EQH,35.25,34.6,35.0,36.3,34.255,68,36.09,36.3,37.13,36.03
EQH,34.88,33.94,34.715,35.0,33.395,69,35.25,34.6,36.3,34.255
EQH,34.42,34.6,35.001,34.715,34.07,70,34.88,33.94,35.0,33.395
EQH,34.49,34.59,34.34,35.001,34.3251,71,34.42,34.6,34.715,34.07
EQH,34.18,33.22,33.6,34.34,33.12,72,34.49,34.59,35.001,34.3251
EQH,33.17,33.17,33.15,33.6,32.89,73,34.18,33.22,34.34,33.12
EQH,33.04,32.48,33.17,33.15,32.08,74,33.17,33.17,33.6,32.89
EQH,32.82,31.99,32.05,33.17,31.9,75,33.04,32.48,33.15,32.08
EQH,30.43,31.965,33.18,32.05,29.91,76,32.82,31.99,33.17,31.9
EQH,32.3,33.09,32.87,33.18,32.015,77,30.43,31.965,32.05,29.91
EQH,32.05,32.66,32.45,32.87,32.02,78,32.3,33.09,33.18,32.015
EQH,32.33,30.8,31.93,32.45,30.68,79,32.05,32.66,32.87,32.02
EQH,31.29,31.76,32.0,31.93,30.87,80,32.33,30.8,32.45,30.68
EQH,32.02,31.44,30.92,32.0,31.13,81,31.29,31.76,31.93,30.87
EQH,30.7,30.65,30.3,30.92,30.13,82,32.02,31.44,32.0,31.13
EQH,30.1,28.52,29.51,30.3,28.27,83,30.7,30.65,30.92,30.13
EQH,28.9,28.64,30.71,29.51,27.94,84,30.1,28.52,30.3,28.27
EQH,29.79,30.24,29.99,30.71,29.62,85,28.9,28.64,29.51,27.94
EQH,29.7,29.8,30.67,29.99,29.38,86,29.79,30.24,30.71,29.62
EQH,30.38,29.92,30.73,30.67,29.9,87,29.7,29.8,29.99,29.38
EQH,30.49,30.25,30.72,30.73,29.98,88,30.38,29.92,30.67,29.9
EQH,30.59,30.49,32.03,30.72,30.07,89,30.49,30.25,30.73,29.98
TER,145.22,144.22,145.2,146.76,142.21,1,140.55,144.59,144.73,139.22
TER,144.71,143.89,145.715,145.2,142.38,2,145.22,144.22,146.76,142.21
TER,144.75,145.42,145.43,145.715,143.19,3,144.71,143.89,145.2,142.38
TER,143.0,142.01,144.33,145.43,141.51,4,144.75,145.42,145.715,143.19
TER,143.98,143.21,146.36,144.33,141.83,5,143.0,142.01,145.43,141.51
TER,144.43,146.19,149.95,146.36,142.8,6,143.98,143.21,144.33,141.83
TER,148.28,148.17,151.52,149.95,146.73,7,144.43,146.19,146.36,142.8
TER,148.23,151.24,153.73,151.52,147.57,8,148.28,148.17,149.95,146.73
TER,152.19,151.61,152.71,153.73,150.9,9,148.23,151.24,151.52,147.57
TER,152.61,150.85,153.45,152.71,149.79,10,152.19,151.61,153.73,150.9
TER,150.24,151.27,154.5,153.45,149.45,11,152.61,150.85,152.71,149.79
TER,152.08,149.38,150.51,154.5,149.29,12,150.24,151.27,153.45,149.45
TER,148.33,149.1,150.91,150.51,145.61,13,152.08,149.38,154.5,149.29
TER,147.71,150.83,151.4,150.91,146.56,14,148.33,149.1,150.51,145.61
TER,148.35,146.35,154.87,151.4,145.42,15,147.71,150.83,150.91,146.56
TER,149.0,154.45,154.87,154.87,146.51,16,148.35,146.35,151.4,145.42
TER,154.0,152.87,158.22,154.87,150.76,17,149.0,154.45,154.87,146.51
TER,155.92,152.35,152.35,158.22,152.13,18,154.0,152.87,154.87,150.76
TER,150.0,150.94,155.0,152.35,147.21,19,155.92,152.35,158.22,152.13
TER,153.05,150.56,153.925,155.0,149.07,20,150.0,150.94,152.35,147.21
TER,151.43,152.61,159.88,153.925,144.91,21,153.05,150.56,155.0,149.07
TER,155.92,159.11,160.65,159.88,154.28,22,151.43,152.61,153.925,144.91
TER,159.11,160.41,161.54,160.65,157.11,23,155.92,159.11,159.88,154.28
TER,158.67,156.57,159.94,161.54,156.49,24,159.11,160.41,160.65,157.11
TER,159.03,159.76,160.55,159.94,154.78,25,158.67,156.57,161.54,156.49
TER,160.53,155.36,156.31,160.55,155.14,26,159.03,159.76,159.94,154.78
TER,153.41,155.94,162.26,156.31,152.02,27,160.53,155.36,160.55,155.14
TER,157.47,161.96,163.03,162.26,154.3,28,153.41,155.94,156.31,152.02
TER,162.49,158.3,160.75,163.03,156.15,29,157.47,161.96,162.26,154.3
TER,157.34,156.26,158.12,160.75,154.42,30,162.49,158.3,163.03,156.15
TER,154.65,155.71,160.55,158.12,154.9,31,157.34,156.26,160.75,154.42
TER,157.59,160.36,160.99,160.55,156.02,32,154.65,155.71,158.12,154.9
TER,159.68,160.9,164.1057,160.99,158.825,33,157.59,160.36,160.55,156.02
TER,161.1,162.74,168.91,164.1057,161.12,34,159.68,160.9,160.99,158.825
TER,164.32,168.56,168.91,168.91,163.5,35,161.1,162.74,164.1057,161.12
TER,168.61,164.61,167.44,168.91,164.45,36,164.32,168.56,168.91,163.5
TER,164.76,166.77,166.77,167.44,164.78,37,168.61,164.61,168.91,164.45
TER,166.54,163.72,165.85,166.77,163.34,38,164.76,166.77,167.44,164.78
TER,165.0,163.53,167.14,165.85,163.3,39,166.54,163.72,166.77,163.34
TER,165.04,166.11,167.29,167.14,162.81,40,165.0,163.53,165.85,163.3
TER,166.15,166.38,166.75,167.29,160.425,41,165.04,166.11,167.14,162.81
TER,164.3,160.25,164.705,166.75,160.24,42,166.15,166.38,167.29,160.425
TER,159.56,163.48,163.9432,164.705,158.71,43,164.3,160.25,166.75,160.24
TER,162.98,158.27,156.76,163.9432,156.86,44,159.56,163.48,164.705,158.71
TER,155.09,156.61,160.86,156.76,150.48,45,162.98,158.27,163.9432,156.86
TER,155.52,160.54,164.5,160.86,153.8731,46,155.09,156.61,156.76,150.48
TER,161.95,162.9,167.69,164.5,161.22,47,155.52,160.54,160.86,153.8731
TER,165.61,158.25,164.71,167.69,157.43,48,161.95,162.9,164.5,161.22
TER,156.94,164.57,161.59,164.71,156.71,49,165.61,158.25,167.69,157.43
TER,161.43,155.56,158.47,161.59,155.24,50,156.94,164.57,164.71,156.71
TER,156.83,148.32,152.84,158.47,148.15,51,161.43,155.56,161.59,155.24
TER,150.255,145.48,148.66,152.84,145.29,52,156.83,148.32,158.47,148.15
TER,144.25,143.39,147.62,148.66,142.48,53,150.255,145.48,152.84,145.29
TER,140.19,147.44,143.81,147.62,137.58,54,144.25,143.39,148.66,142.48
TER,142.58,138.29,147.94,143.81,138.04,55,140.19,147.44,147.62,137.58
TER,143.61,143.37,112.4,147.94,139.91,56,142.58,138.29,143.81,138.04
TER,110.51,111.24,112.2,112.4,102.51,57,143.61,143.37,147.94,139.91
TER,107.9,112.12,117.935,112.2,105.5001,58,110.51,111.24,112.4,102.51
TER,112.12,117.43,119.1704,117.935,111.611,59,107.9,112.12,112.2,105.5001
TER,118.83,116.88,120.58,119.1704,114.12,60,112.12,117.43,117.935,111.611
TER,117.6,117.22,116.67,120.58,114.66,61,118.83,116.88,119.1704,114.12
TER,113.92,111.86,115.24,116.67,111.715,62,117.6,117.22,120.58,114.66
TER,111.44,114.01,116.3,115.24,110.1694,63,113.92,111.86,116.67,111.715
TER,114.19,114.23,116.91,116.3,113.59,64,111.44,114.01,115.24,110.1694
TER,113.41,116.39,121.89,116.91,112.86,65,114.19,114.23,116.3,113.59
TER,117.9,121.37,122.2,121.89,117.03,66,113.41,116.39,116.91,112.86
TER,118.09,117.33,118.669,122.2,116.84,67,117.9,121.37,121.89,117.03
TER,117.28,113.09,116.89,118.669,111.83,68,118.09,117.33,122.2,116.84
TER,113.31,112.31,118.505,116.89,111.09,69,117.28,113.09,118.669,111.83
TER,114.24,118.1,119.99,118.505,114.06,70,113.31,112.31,116.89,111.09
TER,116.64,119.11,118.335,119.99,115.8,71,114.24,118.1,118.505,114.06
TER,117.17,116.0,116.4,118.335,115.82,72,116.64,119.11,119.99,115.8
TER,116.13,114.83,117.22,116.4,112.83,73,117.17,116.0,118.335,115.82
TER,113.66,113.81,116.0,117.22,112.52,74,116.13,114.83,116.4,112.83
TER,114.5,111.52,117.52,116.0,111.24,75,113.66,113.81,117.22,112.52
TER,108.49,117.39,120.14,117.52,107.11,76,114.5,111.52,116.0,111.24
TER,116.44,120.04,119.55,120.14,114.875,77,108.49,117.39,117.52,107.11
TER,119.02,117.92,118.29,119.55,115.285,78,116.44,120.04,120.14,114.875
TER,117.68,114.56,118.14,118.29,113.29,79,119.02,117.92,119.55,115.285
TER,115.26,117.3,117.28,118.14,114.84,80,117.68,114.56,118.29,113.29
TER,117.28,114.17,113.76,117.28,112.25,81,115.26,117.3,118.14,114.84
TER,113.8,111.75,113.89,113.76,110.1,82,117.28,114.17,117.28,112.25
TER,112.63,106.42,111.73,113.89,106.33,83,113.8,111.75,113.76,110.1
TER,107.45,107.55,113.03,111.73,105.36,84,112.63,106.42,113.89,106.33
TER,111.12,111.75,110.71,113.03,109.42,85,107.45,107.55,111.73,105.36
TER,109.18,109.96,112.24,110.71,107.57,86,111.12,111.75,113.03,109.42
TER,112.01,106.88,111.94,112.24,106.78,87,109.18,109.96,110.71,107.57
TER,107.62,105.57,111.01,111.94,104.32,88,112.01,106.88,112.24,106.78
TER,106.42,110.51,116.98,111.01,106.27,89,107.62,105.57,111.94,104.32
ELAN,33.5,34.09,34.33,35.0,33.2,1,32.44,32.87,32.9,32.31
ELAN,34.19,33.25,33.43,34.33,32.46,2,33.5,34.09,35.0,33.2
ELAN,33.22,33.1,33.13,33.43,32.81,3,34.19,33.25,34.33,32.46
ELAN,32.96,32.98,32.91,33.13,32.62,4,33.22,33.1,33.43,32.81
ELAN,32.8,32.74,33.13,32.91,32.53,5,32.96,32.98,33.13,32.62
ELAN,32.65,33.03,33.02,33.13,32.545,6,32.8,32.74,32.91,32.53
ELAN,32.9,32.16,32.51,33.02,31.65,7,32.65,33.03,33.13,32.545
ELAN,31.93,32.29,32.28,32.51,31.89,8,32.9,32.16,33.02,31.65
ELAN,32.09,31.95,33.2,32.28,31.6,9,31.93,32.29,32.51,31.89
ELAN,32.62,32.34,32.67,33.2,32.175,10,32.09,31.95,32.28,31.6
ELAN,32.2,32.11,32.83,32.67,32.02,11,32.62,32.34,33.2,32.175
ELAN,32.34,32.05,32.24,32.83,32.02,12,32.2,32.11,32.67,32.02
ELAN,31.89,32.07,31.98,32.24,31.4,13,32.34,32.05,32.83,32.02
ELAN,31.84,30.79,30.85,31.98,30.76,14,31.89,32.07,32.24,31.4
ELAN,30.48,30.22,30.635,30.85,30.07,15,31.84,30.79,31.98,30.76
ELAN,30.35,30.19,30.19,30.635,29.87,16,30.48,30.22,30.85,30.07
ELAN,30.02,28.74,29.29,30.19,28.69,17,30.35,30.19,30.635,29.87
ELAN,28.98,28.14,28.94,29.29,28.0,18,30.02,28.74,30.19,28.69
ELAN,28.15,28.78,29.43,28.94,27.88,19,28.98,28.14,29.29,28.0
ELAN,29.37,28.17,29.01,29.43,28.06,20,28.15,28.78,28.94,27.88
ELAN,28.19,28.79,29.32,29.01,28.05,21,29.37,28.17,29.43,28.06
ELAN,29.11,28.97,29.63,29.32,28.835,22,28.19,28.79,29.01,28.05
ELAN,28.99,29.54,29.755,29.63,28.98,23,29.11,28.97,29.32,28.835
ELAN,29.53,28.49,28.68,29.755,28.49,24,28.99,29.54,29.63,28.98
ELAN,28.64,27.97,28.3,28.68,27.89,25,29.53,28.49,29.755,28.49
ELAN,28.06,27.74,28.45,28.3,27.54,26,28.64,27.97,28.68,27.89
ELAN,27.66,28.11,28.605,28.45,27.55,27,28.06,27.74,28.3,27.54
ELAN,28.23,28.46,28.61,28.605,27.55,28,27.66,28.11,28.45,27.55
ELAN,28.53,27.98,28.57,28.61,27.755,29,28.23,28.46,28.605,27.55
ELAN,27.96,28.27,28.28,28.57,27.71,30,28.53,27.98,28.61,27.755
ELAN,28.18,28.2,29.335,28.28,27.16,31,27.96,28.27,28.57,27.71
ELAN,28.22,28.77,28.94,29.335,28.21,32,28.18,28.2,28.28,27.16
ELAN,28.91,28.34,28.945,28.94,28.13,33,28.22,28.77,29.335,28.21
ELAN,28.36,28.88,29.03,28.945,28.26,34,28.91,28.34,28.94,28.13
ELAN,28.98,28.96,28.95,29.03,28.72,35,28.36,28.88,28.945,28.26
ELAN,28.6,28.88,29.02,28.95,28.52,36,28.98,28.96,29.03,28.72
ELAN,28.7,28.27,28.98,29.02,28.24,37,28.6,28.88,28.95,28.52
ELAN,28.38,28.71,28.94,28.98,28.13,38,28.7,28.27,29.02,28.24
ELAN,28.79,28.38,28.53,28.94,28.37,39,28.38,28.71,28.98,28.13
ELAN,28.54,28.25,28.53,28.53,27.88,40,28.79,28.38,28.94,28.37
ELAN,28.19,28.41,28.66,28.53,27.435,41,28.54,28.25,28.53,27.88
ELAN,28.51,27.9,28.05,28.66,27.83,42,28.19,28.41,28.53,27.435
ELAN,27.76,27.08,27.46,28.05,27.05,43,28.51,27.9,28.66,27.83
ELAN,26.95,27.05,29.0,27.46,26.86,44,27.76,27.08,28.05,27.05
ELAN,27.615,28.73,29.07,29.0,27.27,45,26.95,27.05,27.46,26.86
ELAN,28.84,28.38,28.725,29.07,27.95,46,27.615,28.73,29.0,27.27
ELAN,28.48,28.09,28.09,28.725,27.8775,47,28.84,28.38,29.07,27.95
ELAN,27.92,27.07,27.17,28.09,27.02,48,28.48,28.09,28.725,27.8775
ELAN,27.04,27.03,27.051,27.17,26.67,49,27.92,27.07,28.09,27.02
ELAN,26.85,26.81,27.12,27.051,26.42,50,27.04,27.03,27.17,26.67
ELAN,26.95,26.39,27.1,27.12,26.355,51,26.85,26.81,27.051,26.42
ELAN,26.45,26.83,27.1,27.1,26.46,52,26.95,26.39,27.12,26.355
ELAN,26.86,26.77,27.18,27.1,26.23,53,26.45,26.83,27.1,26.46
ELAN,26.31,27.1,27.0406,27.18,25.795,54,26.86,26.77,27.1,26.23
ELAN,26.91,26.31,26.66,27.0406,26.11,55,26.31,27.1,27.18,25.795
ELAN,26.16,25.77,26.06,26.66,25.61,56,26.91,26.31,27.0406,26.11
ELAN,25.93,24.94,25.51,26.06,24.92,57,26.16,25.77,26.66,25.61
ELAN,25.02,25.51,26.095,25.51,24.48,58,25.93,24.94,26.06,24.92
ELAN,25.47,26.04,26.08,26.095,25.27,59,25.02,25.51,25.51,24.48
ELAN,26.04,25.54,25.79,26.08,25.295,60,25.47,26.04,26.095,25.27
ELAN,25.53,25.36,25.28,25.79,25.29,61,26.04,25.54,26.08,25.295
ELAN,25.25,24.65,25.26,25.28,24.59,62,25.53,25.36,25.79,25.29
ELAN,24.575,24.97,25.475,25.26,24.225,63,25.25,24.65,25.28,24.59
ELAN,24.94,25.06,26.16,25.475,24.72,64,24.575,24.97,25.26,24.225
ELAN,24.91,24.86,25.84,26.16,24.76,65,24.94,25.06,25.475,24.72
ELAN,25.08,25.73,25.95,25.84,25.09,66,24.91,24.86,26.16,24.76
ELAN,25.34,25.31,25.985,25.95,25.135,67,25.08,25.73,25.84,25.09
ELAN,25.38,25.49,25.83,25.985,25.26,68,25.34,25.31,25.95,25.135
ELAN,25.64,25.13,26.0,25.83,24.915,69,25.38,25.49,25.985,25.26
ELAN,25.56,25.86,25.96,26.0,25.38,70,25.64,25.13,25.83,24.915
ELAN,25.78,25.89,25.94,25.96,25.48,71,25.56,25.86,26.0,25.38
ELAN,25.77,25.78,26.12,25.94,25.515,72,25.78,25.89,25.96,25.48
ELAN,25.79,25.51,26.09,26.12,25.2,73,25.77,25.78,25.94,25.515
ELAN,25.44,25.98,26.585,26.09,25.32,74,25.79,25.51,26.12,25.2
ELAN,25.98,25.75,28.72,26.585,25.74,75,25.44,25.98,26.09,25.32
ELAN,25.03,27.885,28.21,28.72,24.145,76,25.98,25.75,26.585,25.74
ELAN,27.47,27.87,28.5691,28.21,27.26,77,25.03,27.885,28.72,24.145
ELAN,27.9,28.41,29.13,28.5691,27.63,78,27.47,27.87,28.21,27.26
ELAN,28.39,28.94,29.24,29.13,28.17,79,27.9,28.41,28.5691,27.63
ELAN,28.96,29.0,29.66,29.24,28.72,80,28.39,28.94,29.13,28.17
ELAN,29.4,28.37,28.55,29.66,28.32,81,28.96,29.0,29.24,28.72
ELAN,28.51,27.95,27.69,28.55,27.645,82,29.4,28.37,29.66,28.32
ELAN,27.67,25.84,26.34,27.69,25.8,83,28.51,27.95,28.55,27.645
ELAN,25.79,25.52,26.785,26.34,25.14,84,27.67,25.84,27.69,25.8
ELAN,26.18,26.62,26.5,26.785,25.92,85,25.79,25.52,26.34,25.14
ELAN,26.11,26.38,27.07,26.5,25.96,86,26.18,26.62,26.785,25.92
ELAN,26.52,26.49,26.5,27.07,26.09,87,26.11,26.38,26.5,25.96
ELAN,26.48,25.2,25.51,26.5,25.185,88,26.52,26.49,27.07,26.09
ELAN,25.45,25.47,26.485,25.51,24.94,89,26.48,25.2,26.5,25.185
LEG,44.38,44.15,44.49,44.76,43.91,1,43.73,43.72,44.55,43.34
LEG,44.24,44.27,44.5498,44.49,43.76,2,44.38,44.15,44.76,43.91
LEG,44.2,43.46,44.05,44.5498,43.41,3,44.24,44.27,44.49,43.76
LEG,43.44,43.76,44.13,44.05,43.37,4,44.2,43.46,44.5498,43.41
LEG,44.02,43.85,44.615,44.13,43.215,5,43.44,43.76,44.05,43.37
LEG,44.29,44.55,45.0,44.615,44.115,6,44.02,43.85,44.13,43.215
LEG,44.82,44.56,44.88,45.0,44.465,7,44.29,44.55,44.615,44.115
LEG,44.85,44.68,44.68,44.88,44.4247,8,44.82,44.56,45.0,44.465
LEG,44.57,43.73,43.96,44.68,43.56,9,44.85,44.68,44.88,44.4247
LEG,43.68,42.63,42.62,43.96,42.385,10,44.57,43.73,44.68,43.56
LEG,42.41,41.99,43.21,42.62,41.96,11,43.68,42.63,43.96,42.385
LEG,42.05,42.76,43.12,43.21,41.81,12,42.41,41.99,42.62,41.96
LEG,42.79,43.04,42.84,43.12,42.6,13,42.05,42.76,43.21,41.81
LEG,42.87,42.33,41.78,42.84,42.02,14,42.79,43.04,43.12,42.6
LEG,41.7,41.11,41.58,41.78,40.71,15,42.87,42.33,42.84,42.02
LEG,41.49,41.14,40.98,41.58,40.48,16,41.7,41.11,41.78,40.71
LEG,40.69,40.39,41.89,40.98,39.87,17,41.49,41.14,41.58,40.48
LEG,41.03,40.53,42.49,41.89,40.52,18,40.69,40.39,40.98,39.87
LEG,41.04,41.97,42.38,42.49,40.885,19,41.03,40.53,41.89,40.52
LEG,42.14,41.73,43.5498,42.38,41.49,20,41.04,41.97,42.49,40.885
LEG,42.36,42.82,43.89,43.5498,42.09,21,42.14,41.73,42.38,41.49
LEG,43.07,43.37,43.69,43.89,43.02,22,42.36,42.82,43.5498,42.09
LEG,43.61,42.67,42.94,43.69,42.62,23,43.07,43.37,43.89,43.02
LEG,42.59,42.11,42.765,42.94,42.07,24,43.61,42.67,43.69,42.62
LEG,42.43,41.81,41.7475,42.765,41.51,25,42.59,42.11,42.94,42.07
LEG,41.51,40.98,41.48,41.7475,40.36,26,42.43,41.81,42.765,41.51
LEG,40.55,41.12,41.57,41.48,40.42,27,41.51,40.98,41.7475,40.36
LEG,41.23,41.47,42.42,41.57,40.2887,28,40.55,41.12,41.48,40.42
LEG,41.485,41.33,41.42,42.42,41.29,29,41.23,41.47,41.57,40.2887
LEG,41.15,38.03,38.18,41.42,38.03,30,41.485,41.33,42.42,41.29
LEG,37.81,38.0,38.8,38.18,37.05,31,41.15,38.03,41.42,38.03
LEG,38.43,38.39,39.64,38.8,38.1,32,37.81,38.0,38.18,37.05
LEG,38.5,39.46,39.96,39.64,38.17,33,38.43,38.39,38.8,38.1
LEG,39.64,39.57,40.01,39.96,39.44,34,38.5,39.46,39.64,38.17
LEG,39.735,39.93,40.709,40.01,39.25,35,39.64,39.57,39.96,39.44
LEG,39.98,40.36,40.99,40.709,39.88,36,39.735,39.93,40.01,39.25
LEG,40.65,40.71,41.2337,40.99,40.49,37,39.98,40.36,40.709,39.88
LEG,41.18,40.69,41.45,41.2337,40.66,38,40.65,40.71,40.99,40.49
LEG,40.71,41.16,41.82,41.45,40.45,39,41.18,40.69,41.2337,40.66
LEG,41.56,41.24,43.11,41.82,40.83,40,40.71,41.16,41.45,40.45
LEG,41.74,42.7,43.63,43.11,41.33,41,41.56,41.24,41.82,40.83
LEG,43.03,42.49,42.9,43.63,42.49,42,41.74,42.7,43.11,41.33
LEG,42.72,41.94,42.2199,42.9,41.63,43,43.03,42.49,43.63,42.49
LEG,41.85,41.96,41.96,42.2199,41.59,44,42.72,41.94,42.9,41.63
LEG,41.86,41.79,41.8,41.96,41.24,45,41.85,41.96,42.2199,41.59
LEG,41.72,41.76,42.1983,41.8,41.2438,46,41.86,41.79,41.96,41.24
LEG,41.81,41.75,42.58,42.1983,41.35,47,41.72,41.76,41.8,41.2438
LEG,41.91,42.15,41.78,42.58,41.79,48,41.81,41.75,42.1983,41.35
LEG,41.71,41.48,41.265,41.78,40.875,49,41.91,42.15,42.58,41.79
LEG,41.18,40.72,41.05,41.265,40.435,50,41.71,41.48,41.78,40.875
LEG,40.86,40.35,40.71,41.05,40.23,51,41.18,40.72,41.265,40.435
LEG,40.32,39.32,39.699,40.71,39.29,52,40.86,40.35,41.05,40.23
LEG,39.18,39.03,39.92,39.699,38.785,53,40.32,39.32,40.71,39.29
LEG,38.36,39.81,40.68,39.92,37.93,54,39.18,39.03,39.699,38.785
LEG,39.22,40.2,40.67,40.68,38.69,55,38.36,39.81,39.92,37.93
LEG,40.47,38.46,39.2,40.67,38.1,56,39.22,40.2,40.68,38.69
LEG,38.99,37.89,38.63,39.2,37.6,57,40.47,38.46,40.67,38.1
LEG,37.66,38.62,40.01,38.63,37.04,58,38.99,37.89,39.2,37.6
LEG,38.5,39.85,40.53,40.01,38.27,59,37.66,38.62,38.63,37.04
LEG,39.85,40.1,40.42,40.53,39.6,60,38.5,39.85,40.01,38.27
LEG,40.28,39.25,39.23,40.42,39.01,61,39.85,40.1,40.53,39.6
LEG,39.1,38.33,38.38,39.23,38.33,62,40.28,39.25,40.42,39.01
LEG,38.32,37.88,38.21,38.38,37.26,63,39.1,38.33,39.23,38.33
LEG,38.12,37.41,39.62,38.21,37.33,64,38.32,37.88,38.38,37.26
LEG,37.95,38.4,39.24,39.62,37.84,65,38.12,37.41,38.21,37.33
LEG,38.225,39.07,39.4,39.24,37.93,66,37.95,38.4,39.62,37.84
LEG,38.515,38.32,39.13,39.4,38.255,67,38.225,39.07,39.24,37.93
LEG,38.57,38.23,38.67,39.13,37.91,68,38.515,38.32,39.4,38.255
LEG,38.42,38.47,39.4,38.67,37.98,69,38.57,38.23,39.13,37.91
LEG,38.87,39.17,39.63,39.4,38.815,70,38.42,38.47,38.67,37.98
LEG,39.0,39.46,39.2,39.63,38.875,71,38.87,39.17,39.4,38.815
LEG,39.175,38.59,39.22,39.2,38.52,72,39.0,39.46,39.63,38.875
LEG,38.72,38.48,38.13,39.22,38.4675,73,39.175,38.59,39.2,38.52
LEG,38.06,36.56,37.19,38.13,36.465,74,38.72,38.48,39.22,38.4675
LEG,36.78,36.26,36.26,37.19,36.13,75,38.06,36.56,38.13,36.465
LEG,35.16,36.13,37.41,36.26,34.88,76,36.78,36.26,37.19,36.13
LEG,36.09,37.31,37.35,37.41,36.08,77,35.16,36.13,36.26,34.88
LEG,36.82,37.08,37.07,37.35,36.55,78,36.09,37.31,37.41,36.08
LEG,37.02,36.43,37.8,37.07,35.95,79,36.82,37.08,37.35,36.55
LEG,36.7,37.63,38.1905,37.8,36.57,80,37.02,36.43,37.07,35.95
LEG,37.65,37.81,37.79,38.1905,37.47,81,36.7,37.63,37.8,36.57
LEG,37.39,37.3,37.205,37.79,36.57,82,37.65,37.81,38.1905,37.47
LEG,37.0,35.79,37.49,37.205,35.33,83,37.39,37.3,37.79,36.57
LEG,36.11,36.59,37.67,37.49,35.79,84,37.0,35.79,37.205,35.33
LEG,37.44,36.97,36.6575,37.67,36.875,85,36.11,36.59,37.49,35.79
LEG,36.49,36.38,36.89,36.6575,36.07,86,37.44,36.97,37.67,36.875
LEG,36.54,36.1,36.32,36.89,36.06,87,36.49,36.38,36.6575,36.07
LEG,36.115,35.81,36.53,36.32,35.48,88,36.54,36.1,36.89,36.06
LEG,35.9,36.3,37.23,36.53,35.89,89,36.115,35.81,36.32,35.48
AIG,62.0,58.96,59.865,62.54,58.71,1,60.82,60.39,60.834,59.65
AIG,59.22,59.16,59.53,59.865,58.6,2,62.0,58.96,62.54,58.71
AIG,58.97,58.76,59.39,59.53,58.27,3,59.22,59.16,59.865,58.6
AIG,58.79,58.86,59.29,59.39,58.285,4,58.97,58.76,59.53,58.27
AIG,58.94,58.86,59.06,59.29,58.765,5,58.79,58.86,59.39,58.285
AIG,58.9,58.21,58.59,59.06,58.1,6,58.94,58.86,59.29,58.765
AIG,58.4,58.09,58.68,58.59,57.87,7,58.9,58.21,59.06,58.1
AIG,58.46,57.19,57.32,58.68,57.16,8,58.4,58.09,58.59,57.87
AIG,56.94,56.95,57.25,57.32,56.59,9,58.46,57.19,58.68,57.16
AIG,56.95,56.12,55.706,57.25,55.8,10,56.94,56.95,57.32,56.59
AIG,55.58,54.95,57.7841,55.706,54.71,11,56.95,56.12,57.25,55.8
AIG,55.5,56.94,59.335,57.7841,55.3,12,55.58,54.95,55.706,54.71
AIG,57.58,58.9,59.1447,59.335,57.53,13,55.5,56.94,57.7841,55.3
AIG,58.7,57.89,56.53,59.1447,57.72,14,57.58,58.9,59.335,57.53
AIG,55.46,56.05,56.86,56.53,53.85,15,58.7,57.89,59.1447,57.72
AIG,56.8,54.95,54.32,56.86,54.93,16,55.46,56.05,56.53,53.85
AIG,54.12,52.6,54.21,54.32,52.36,17,56.8,54.95,56.86,54.93
AIG,53.76,51.72,54.25,54.21,51.69,18,54.12,52.6,54.32,52.36
AIG,52.2,53.96,54.185,54.25,52.2,19,53.76,51.72,54.21,51.69
AIG,53.75,53.32,55.49,54.185,53.06,20,52.2,53.96,54.25,52.2
AIG,54.24,54.77,55.95,55.49,54.09,21,53.75,53.32,54.185,53.06
AIG,55.15,55.19,55.65,55.95,54.9,22,54.24,54.77,55.49,54.09
AIG,55.23,54.97,55.36,55.65,54.79,23,55.15,55.19,55.95,54.9
AIG,54.64,54.81,55.2,55.36,54.465,24,55.23,54.97,55.65,54.79
AIG,54.99,54.39,54.31,55.2,54.13,25,54.64,54.81,55.36,54.465
AIG,54.28,53.84,55.085,54.31,53.25,26,54.99,54.39,55.2,54.13
AIG,53.89,54.66,54.58,55.085,53.65,27,54.28,53.84,54.31,53.25
AIG,54.48,54.36,55.82,54.58,53.46,28,53.89,54.66,55.085,53.65
AIG,54.7,55.28,55.13,55.82,54.62,29,54.48,54.36,54.58,53.46
AIG,55.12,54.11,53.215,55.13,53.55,30,54.7,55.28,55.82,54.62
AIG,53.15,52.91,55.595,53.215,51.85,31,55.12,54.11,55.13,53.55
AIG,53.7,55.14,55.62,55.595,53.59,32,53.15,52.91,53.215,51.85
AIG,54.9,55.27,56.745,55.62,54.9,33,53.7,55.14,55.595,53.59
AIG,55.67,56.57,57.04,56.745,55.6,34,54.9,55.27,55.62,54.9
AIG,56.75,56.9,57.6,57.04,56.26,35,55.67,56.57,56.745,55.6
AIG,56.75,56.67,57.14,57.6,56.6,36,56.75,56.9,57.04,56.26
AIG,56.69,56.78,57.34,57.14,56.5601,37,56.75,56.67,57.6,56.6
AIG,57.26,56.74,57.23,57.34,56.71,38,56.69,56.78,57.14,56.5601
AIG,56.8,56.86,58.08,57.23,56.645,39,57.26,56.74,57.34,56.71
AIG,57.33,57.39,59.48,58.08,57.13,40,56.8,56.86,57.23,56.645
AIG,58.45,59.0,59.7,59.48,58.03,41,57.33,57.39,58.08,57.13
AIG,59.25,58.19,59.52,59.7,58.15,42,58.45,59.0,59.48,58.03
AIG,59.31,59.19,60.965,59.52,57.79,43,59.25,58.19,59.7,58.15
AIG,59.67,60.74,61.56,60.965,59.31,44,59.31,59.19,59.52,57.79
AIG,61.13,61.41,61.77,61.56,59.83,45,59.67,60.74,60.965,59.31
AIG,61.53,61.77,62.11,61.77,60.86,46,61.13,61.41,61.56,59.83
AIG,61.71,61.37,62.25,62.11,60.51,47,61.53,61.77,61.77,60.86
AIG,61.59,61.87,62.18,62.25,61.55,48,61.71,61.37,62.11,60.51
AIG,61.11,61.91,62.18,62.18,60.83,49,61.59,61.87,62.25,61.55
AIG,61.91,60.9,61.6,62.18,60.74,50,61.11,61.91,62.18,60.83
AIG,61.41,58.84,60.84,61.6,58.74,51,61.91,60.9,62.18,60.74
AIG,59.115,58.84,58.87,60.84,58.59,52,61.41,58.84,61.6,58.74
AIG,58.69,57.32,57.67,58.87,57.06,53,59.115,58.84,60.84,58.59
AIG,56.6,57.46,58.81,57.67,54.39,54,58.69,57.32,58.87,57.06
AIG,56.82,58.21,59.5,58.81,55.34,55,56.6,57.46,57.67,54.39
AIG,58.78,57.63,59.235,59.5,56.78,56,56.82,58.21,58.81,55.34
AIG,58.23,56.42,57.04,59.235,56.21,57,58.78,57.63,59.5,56.78
AIG,55.85,56.96,57.805,57.04,55.57,58,58.23,56.42,59.235,56.21
AIG,56.44,57.75,59.27,57.805,55.84,59,55.85,56.96,57.04,55.57
AIG,57.91,59.11,60.325,59.27,57.5,60,56.44,57.75,57.805,55.84
AIG,58.99,60.25,60.79,60.325,58.775,61,57.91,59.11,59.27,57.5
AIG,60.09,59.49,61.605,60.79,59.35,62,58.99,60.25,60.325,58.775
AIG,59.5,60.99,62.41,61.605,59.34,63,60.09,59.49,60.79,59.35
AIG,61.17,61.79,63.11,62.41,61.12,64,59.5,60.99,61.605,59.34
AIG,62.48,62.7,63.54,63.11,62.22,65,61.17,61.79,62.41,61.12
AIG,62.86,62.41,63.5,63.54,62.35,66,62.48,62.7,63.11,62.22
AIG,61.73,62.22,62.93,63.5,61.5324,67,62.86,62.41,63.54,62.35
AIG,62.18,60.74,61.08,62.93,60.1,68,61.73,62.22,63.5,61.5324
AIG,60.82,58.99,60.725,61.08,58.53,69,62.18,60.74,62.93,60.1
AIG,59.7,60.38,60.88,60.725,59.26,70,60.82,58.99,61.08,58.53
AIG,59.83,60.34,61.84,60.88,59.79,71,59.7,60.38,60.725,59.26
AIG,60.2,61.38,62.24,61.84,59.56,72,59.83,60.34,60.88,59.79
AIG,60.7,61.73,62.88,62.24,60.38,73,60.2,61.38,61.84,59.56
AIG,61.84,61.61,62.84,62.88,61.2,74,60.7,61.73,62.24,60.38
AIG,62.24,61.54,60.59,62.84,61.17,75,61.84,61.61,62.88,61.2
AIG,59.35,60.38,63.17,60.59,58.18,76,62.24,61.54,62.84,61.17
AIG,60.72,63.16,62.24,63.17,60.63,77,59.35,60.38,60.59,58.18
AIG,61.25,61.24,60.67,62.24,60.7,78,60.72,63.16,63.17,60.63
AIG,60.55,57.89,61.32,60.67,57.25,79,61.25,61.24,62.24,60.7
AIG,58.83,61.04,61.49,61.32,58.75,80,60.55,57.89,60.67,57.25
AIG,60.79,60.41,59.09,61.49,59.84,81,58.83,61.04,61.32,58.75
AIG,59.03,57.48,57.1,59.09,56.73,82,60.79,60.41,61.49,59.84
AIG,56.68,54.67,57.42,57.1,54.66,83,59.03,57.48,59.09,56.73
AIG,55.22,55.46,59.3,57.42,54.91,84,56.68,54.67,57.1,54.66
AIG,57.92,58.28,58.37,59.3,57.87,85,55.22,55.46,57.42,54.91
AIG,57.13,56.98,58.47,58.37,56.36,86,57.92,58.28,59.3,57.87
AIG,57.67,57.0,59.02,58.47,56.9,87,57.13,56.98,58.37,56.36
AIG,58.09,57.51,58.91,59.02,57.14,88,57.67,57.0,58.47,56.9
AIG,57.93,58.55,60.36,58.91,57.25,89,58.09,57.51,59.02,57.14
BDN,13.89,14.16,14.19,14.175,13.79,1,13.94,13.65,14.01,13.565
BDN,14.18,13.97,14.09,14.19,13.91,2,13.89,14.16,14.175,13.79
BDN,13.97,13.96,14.17,14.09,13.87,3,14.18,13.97,14.19,13.91
BDN,14.01,14.08,14.27,14.17,13.92,4,13.97,13.96,14.09,13.87
BDN,14.08,14.27,14.34,14.27,13.975,5,14.01,14.08,14.17,13.92
BDN,14.22,14.24,14.66,14.34,14.115,6,14.08,14.27,14.27,13.975
BDN,14.3,14.66,14.67,14.66,14.255,7,14.22,14.24,14.34,14.115
BDN,14.61,14.45,14.4,14.67,14.305,8,14.3,14.66,14.66,14.255
BDN,14.38,14.24,14.43,14.4,13.93,9,14.61,14.45,14.67,14.305
BDN,14.28,14.42,14.3,14.43,14.235,10,14.38,14.24,14.4,13.93
BDN,14.3,14.15,14.4,14.3,14.105,11,14.28,14.42,14.43,14.235
BDN,14.16,14.26,14.47,14.4,14.06,12,14.3,14.15,14.3,14.105
BDN,14.28,14.31,14.45,14.47,14.13,13,14.16,14.26,14.4,14.06
BDN,14.22,14.41,13.77,14.45,14.19,14,14.28,14.31,14.47,14.13
BDN,13.73,13.61,13.71,13.77,13.33,15,14.22,14.41,14.45,14.19
BDN,13.62,13.36,13.25,13.71,13.33,16,13.73,13.61,13.77,13.33
BDN,13.19,12.85,13.515,13.25,12.805,17,13.62,13.36,13.71,13.33
BDN,13.17,12.75,13.385,13.515,12.75,18,13.19,12.85,13.25,12.805
BDN,12.84,13.27,13.48,13.385,12.83,19,13.17,12.75,13.515,12.75
BDN,13.28,13.26,13.93,13.48,13.145,20,12.84,13.27,13.385,12.83
BDN,13.45,13.72,13.83,13.93,13.41,21,13.28,13.26,13.48,13.145
BDN,13.75,13.65,14.025,13.83,13.59,22,13.45,13.72,13.93,13.41
BDN,13.67,13.91,13.78,14.025,13.65,23,13.75,13.65,13.83,13.59
BDN,13.72,13.66,13.77,13.78,13.62,24,13.67,13.91,14.025,13.65
BDN,13.66,13.48,13.43,13.77,13.45,25,13.72,13.66,13.78,13.62
BDN,13.39,13.3,13.475,13.43,13.06,26,13.66,13.48,13.77,13.45
BDN,13.3,13.19,13.58,13.475,13.16,27,13.39,13.3,13.43,13.06
BDN,13.26,13.56,13.81,13.58,13.07,28,13.3,13.19,13.475,13.16
BDN,13.62,13.55,13.635,13.81,13.47,29,13.26,13.56,13.58,13.07
BDN,13.43,13.4,13.265,13.635,13.2,30,13.62,13.55,13.81,13.47
BDN,13.23,13.04,13.6,13.265,12.8,31,13.43,13.4,13.635,13.2
BDN,13.21,13.43,13.57,13.6,13.17,32,13.23,13.04,13.265,12.8
BDN,13.39,13.46,13.595,13.57,13.31,33,13.21,13.43,13.6,13.17
BDN,13.53,13.52,13.615,13.595,13.46,34,13.39,13.46,13.57,13.31
BDN,13.5,13.59,13.67,13.615,13.33,35,13.53,13.52,13.595,13.46
BDN,13.57,13.57,13.59,13.67,13.44,36,13.5,13.59,13.615,13.33
BDN,13.555,13.5,13.72,13.59,13.4213,37,13.57,13.57,13.67,13.44
BDN,13.53,13.52,13.62,13.72,13.44,38,13.555,13.5,13.59,13.4213
BDN,13.48,13.42,14.04,13.62,13.42,39,13.53,13.52,13.72,13.44
BDN,13.54,14.02,14.39,14.04,13.47,40,13.48,13.42,13.62,13.42
BDN,13.92,14.37,14.53,14.39,13.9,41,13.54,14.02,14.04,13.47
BDN,14.35,14.17,14.42,14.53,14.095,42,13.92,14.37,14.39,13.9
BDN,14.31,14.38,14.88,14.42,14.19,43,14.35,14.17,14.53,14.095
BDN,14.47,14.69,14.765,14.88,14.29,44,14.31,14.38,14.42,14.19
BDN,14.67,14.58,14.65,14.765,14.55,45,14.47,14.69,14.88,14.29
BDN,14.65,14.41,14.4,14.65,14.24,46,14.67,14.58,14.765,14.55
BDN,14.29,14.19,14.45,14.4,14.19,47,14.65,14.41,14.65,14.24
BDN,14.21,14.36,14.36,14.45,14.13,48,14.29,14.19,14.4,14.19
BDN,14.26,14.31,14.27,14.36,14.13,49,14.21,14.36,14.45,14.13
BDN,14.1,14.02,14.06,14.27,14.0,50,14.26,14.31,14.36,14.13
BDN,14.03,13.65,13.8,14.06,13.63,51,14.1,14.02,14.27,14.0
BDN,13.6,13.42,13.48,13.8,13.405,52,14.03,13.65,14.06,13.63
BDN,13.39,13.14,13.05,13.48,13.11,53,13.6,13.42,13.8,13.405
BDN,12.89,12.98,13.09,13.05,12.505,54,13.39,13.14,13.48,13.11
BDN,12.74,12.99,13.32,13.09,12.535,55,12.89,12.98,13.05,12.505
BDN,13.05,12.86,13.11,13.32,12.775,56,12.74,12.99,13.09,12.535
BDN,12.94,12.57,12.83,13.11,12.46,57,13.05,12.86,13.32,12.775
BDN,12.49,12.83,12.88,12.83,12.225,58,12.94,12.57,13.11,12.46
BDN,12.7,12.86,13.12,12.88,12.6,59,12.49,12.83,12.83,12.225
BDN,12.85,13.06,13.345,13.12,12.79,60,12.7,12.86,12.88,12.6
BDN,13.08,13.24,13.51,13.345,13.02,61,12.85,13.06,13.12,12.79
BDN,13.51,13.0,13.11,13.51,12.92,62,13.08,13.24,13.345,13.02
BDN,12.92,12.98,13.17,13.11,12.7,63,13.51,13.0,13.51,12.92
BDN,13.0,13.06,13.16,13.17,12.92,64,12.92,12.98,13.11,12.7
BDN,13.09,12.91,13.2,13.16,12.815,65,13.0,13.06,13.17,12.92
BDN,13.07,13.19,13.395,13.2,13.01,66,13.09,12.91,13.16,12.815
BDN,13.0,13.09,13.52,13.395,12.99,67,13.07,13.19,13.2,13.01
BDN,13.16,13.28,13.37,13.52,13.11,68,13.0,13.09,13.395,12.99
BDN,13.32,13.18,13.575,13.37,13.045,69,13.16,13.28,13.52,13.11
BDN,13.33,13.45,13.72,13.575,13.26,70,13.32,13.18,13.37,13.045
BDN,13.53,13.69,13.68,13.72,13.5,71,13.33,13.45,13.575,13.26
BDN,13.62,13.49,13.63,13.68,13.435,72,13.53,13.69,13.72,13.5
BDN,13.51,13.43,13.42,13.63,13.41,73,13.62,13.49,13.68,13.435
BDN,13.33,13.28,13.48,13.42,13.14,74,13.51,13.43,13.63,13.41
BDN,13.44,12.9,12.845,13.48,12.87,75,13.33,13.28,13.42,13.14
BDN,12.68,12.82,13.38,12.845,12.36,76,13.44,12.9,13.48,12.87
BDN,13.01,13.38,13.46,13.38,12.94,77,12.68,12.82,12.845,12.36
BDN,13.2,13.33,13.44,13.46,13.08,78,13.01,13.38,13.38,12.94
BDN,13.34,13.16,13.525,13.44,12.98,79,13.2,13.33,13.46,13.08
BDN,13.18,13.48,13.65,13.525,13.12,80,13.34,13.16,13.44,12.98
BDN,13.59,13.65,13.62,13.65,13.35,81,13.18,13.48,13.525,13.12
BDN,13.4,13.6,13.735,13.62,13.36,82,13.59,13.65,13.65,13.35
BDN,13.57,13.35,13.63,13.735,13.32,83,13.4,13.6,13.62,13.36
BDN,13.38,13.43,13.78,13.63,13.31,84,13.57,13.35,13.735,13.32
BDN,13.66,13.6,13.53,13.78,13.58,85,13.38,13.43,13.63,13.31
BDN,13.29,13.48,13.72,13.53,13.28,86,13.66,13.6,13.78,13.58
BDN,13.53,13.33,13.51,13.72,13.32,87,13.29,13.48,13.53,13.28
BDN,13.4,13.28,13.49,13.51,13.22,88,13.53,13.33,13.72,13.32
BDN,13.33,13.22,13.47,13.49,13.085,89,13.4,13.28,13.51,13.22
MRVL,72.0,71.86,73.76,72.92,71.295,1,69.76,71.54,71.63,68.84
MRVL,72.15,73.0,74.0638,73.76,71.79,2,72.0,71.86,72.92,71.295
MRVL,73.8,72.94,73.25,74.0638,72.18,3,72.15,73.0,73.76,71.79
MRVL,72.01,70.97,73.52,73.25,70.63,4,73.8,72.94,74.0638,72.18
MRVL,71.64,73.42,74.49,73.52,71.56,5,72.01,70.97,73.25,70.63
MRVL,73.86,73.48,73.66,74.49,72.59,6,71.64,73.42,73.52,71.56
MRVL,73.63,72.92,74.1,73.66,71.53,7,73.86,73.48,74.49,72.59
MRVL,72.68,73.82,74.33,74.1,71.94,8,73.63,72.92,73.66,71.53
MRVL,73.88,73.64,75.25,74.33,73.14,9,72.68,73.82,74.1,71.94
MRVL,74.8,75.15,75.7918,75.25,74.2,10,73.88,73.64,74.33,73.14
MRVL,75.15,74.58,76.12,75.7918,74.35,11,74.8,75.15,75.25,74.2
MRVL,75.09,72.75,74.0,76.12,72.44,12,75.15,74.58,75.7918,74.35
MRVL,73.03,73.22,74.0,74.0,71.27,13,75.09,72.75,76.12,72.44
MRVL,72.42,73.86,74.14,74.0,71.8,14,73.03,73.22,74.0,71.27
MRVL,72.63,71.99,75.29,74.14,71.53,15,72.42,73.86,74.0,71.8
MRVL,73.33,75.02,75.14,75.29,73.0,16,72.63,71.99,74.14,71.53
MRVL,74.83,71.17,75.0233,75.14,70.8,17,73.33,75.02,75.29,73.0
MRVL,72.65,70.95,72.16,75.0233,70.83,18,74.83,71.17,75.14,70.8
MRVL,70.33,71.03,88.49,72.16,69.301,19,72.65,70.95,75.0233,70.83
MRVL,86.0,83.59,86.37,88.49,80.4701,20,70.33,71.03,72.16,69.301
MRVL,83.44,85.43,92.4,86.37,80.37,21,86.0,83.59,88.49,80.4701
MRVL,87.54,91.51,93.85,92.4,86.89,22,83.44,85.43,86.37,80.37
MRVL,90.76,91.29,92.79,93.85,89.4,23,87.54,91.51,92.4,86.89
MRVL,90.66,90.03,92.28,92.79,89.67,24,90.76,91.29,93.85,89.4
MRVL,91.23,89.02,89.82,92.28,88.22,25,90.66,90.03,92.79,89.67
MRVL,89.15,86.59,86.63,89.82,86.49,26,91.23,89.02,92.28,88.22
MRVL,85.04,85.29,88.84,86.63,84.36,27,89.15,86.59,89.82,86.49
MRVL,85.43,88.37,89.88,88.84,84.0,28,85.04,85.29,86.63,84.36
MRVL,89.65,83.59,85.37,89.88,82.63,29,85.43,88.37,88.84,84.0
MRVL,81.98,84.03,84.54,85.37,81.58,30,89.65,83.59,89.88,82.63
MRVL,82.78,84.17,87.29,84.54,82.5,31,81.98,84.03,85.37,81.58
MRVL,86.72,86.3,88.4,87.29,84.46,32,82.78,84.17,84.54,82.5
MRVL,86.3,88.29,89.52,88.4,85.4701,33,86.72,86.3,87.29,84.46
MRVL,88.14,87.68,91.18,89.52,87.45,34,86.3,88.29,88.4,85.4701
MRVL,87.8,90.81,91.06,91.18,87.8,35,88.14,87.68,89.52,87.45
MRVL,90.81,87.99,88.97,91.06,87.76,36,87.8,90.81,91.18,87.8
MRVL,88.07,88.54,88.99,88.97,87.71,37,90.81,87.99,91.06,87.76
MRVL,88.54,87.44,88.54,88.99,87.23,38,88.07,88.54,88.97,87.71
MRVL,87.56,87.49,90.05,88.54,87.445,39,88.54,87.44,88.99,87.23
MRVL,88.15,89.43,91.783,90.05,87.82,40,87.56,87.49,88.54,87.445
MRVL,90.28,88.37,89.69,91.783,86.41,41,88.15,89.43,90.05,87.82
MRVL,87.32,84.12,86.27,89.69,83.99,42,90.28,88.37,91.783,86.41
MRVL,82.4,85.53,85.87,86.27,82.0,43,87.32,84.12,89.69,83.99
MRVL,85.5,83.11,82.33,85.87,82.585,44,82.4,85.53,86.27,82.0
MRVL,81.06,82.21,86.415,82.33,77.39,45,85.5,83.11,85.87,82.585
MRVL,81.35,86.23,87.42,86.415,80.7994,46,81.06,82.21,82.33,77.39
MRVL,86.94,84.94,86.65,87.42,84.4,47,81.35,86.23,86.415,80.7994
MRVL,85.91,78.65,83.13,86.65,78.5,48,86.94,84.94,87.42,84.4
MRVL,77.97,83.0,81.54,83.13,77.815,49,85.91,78.65,86.65,78.5
MRVL,80.6,77.67,79.33,81.54,77.42,50,77.97,83.0,83.13,77.815
MRVL,78.34,76.89,78.65,79.33,75.77,51,80.6,77.67,81.54,77.42
MRVL,77.5,73.8,76.13,78.65,73.73,52,78.34,76.89,79.33,75.77
MRVL,72.91,72.55,72.22,76.13,72.2001,53,77.5,73.8,78.65,73.73
MRVL,71.1,72.09,70.26,72.22,66.97,54,72.91,72.55,76.13,72.2001
MRVL,69.7,67.02,72.2,70.26,66.95,55,71.1,72.09,72.22,66.97
MRVL,70.06,67.66,70.25,72.2,66.93,56,69.7,67.02,70.26,66.95
MRVL,69.3,64.89,66.34,70.25,64.72,57,70.06,67.66,72.2,66.93
MRVL,64.9,66.32,71.44,66.34,62.55,58,69.3,64.89,70.25,64.72
MRVL,66.9,71.4,72.62,71.44,66.88,59,64.9,66.32,66.34,62.55
MRVL,71.78,72.42,75.13,72.62,69.29,60,66.9,71.4,71.44,66.88
MRVL,73.9,74.08,72.54,75.13,71.86,61,71.78,72.42,72.62,69.29
MRVL,71.17,68.63,71.94,72.54,68.34,62,73.9,74.08,75.13,71.86
MRVL,68.77,71.1,73.21,71.94,68.66,63,71.17,68.63,72.54,68.34
MRVL,71.14,71.57,76.755,73.21,71.0921,64,68.77,71.1,71.94,68.66
MRVL,71.12,76.5,77.955,76.755,71.1105,65,71.14,71.57,73.21,71.0921
MRVL,77.07,77.74,78.19,77.955,75.28,66,71.12,76.5,76.755,71.1105
MRVL,75.0,73.84,74.84,78.19,73.18,67,77.07,77.74,77.955,75.28
MRVL,73.44,67.99,69.89,74.84,67.49,68,75.0,73.84,78.19,73.18
MRVL,68.18,67.75,74.26,69.89,66.62,69,73.44,67.99,74.84,67.49
MRVL,69.95,74.17,72.83,74.26,69.83,70,68.18,67.75,69.89,66.62
MRVL,72.3,72.1,71.0,72.83,70.57,71,69.95,74.17,74.26,69.83
MRVL,70.55,67.55,69.05,71.0,67.17,72,72.3,72.1,72.83,70.57
MRVL,68.18,67.34,68.87,69.05,66.26,73,70.55,67.55,71.0,67.17
MRVL,66.77,66.7,68.77,68.87,65.67,74,68.18,67.34,69.05,66.26
MRVL,67.61,64.78,68.08,68.77,64.67,75,66.77,66.7,68.87,65.67
MRVL,61.4,67.79,69.32,68.08,60.96,76,67.61,64.78,68.77,64.67
MRVL,68.01,68.75,69.43,69.32,66.3,77,61.4,67.79,68.08,60.96
MRVL,68.0,68.33,68.54,69.43,66.23,78,68.01,68.75,69.32,66.3
MRVL,68.38,64.95,68.495,68.54,64.14,79,68.0,68.33,69.43,66.23
MRVL,66.37,67.67,68.9,68.495,65.29,80,68.38,64.95,68.54,64.14
MRVL,68.29,65.2,68.48,68.9,64.69,81,66.37,67.67,68.495,65.29
MRVL,63.7,63.41,66.59,68.48,62.345,82,68.29,65.2,68.9,64.69
MRVL,64.52,61.17,68.14,66.59,60.965,83,63.7,63.41,68.48,62.345
MRVL,61.17,64.51,67.28,68.14,60.79,84,64.52,61.17,66.59,60.965
MRVL,66.37,66.55,66.67,67.28,65.0,85,61.17,64.51,68.14,60.79
MRVL,65.34,65.25,66.52,66.67,64.37,86,66.37,66.55,67.28,65.0
MRVL,65.97,63.09,63.34,66.52,62.94,87,65.34,65.25,66.67,64.37
MRVL,62.94,60.25,65.97,63.34,58.84,88,65.97,63.09,66.52,62.94
MRVL,61.3,65.79,69.37,65.97,60.93,89,62.94,60.25,63.34,58.84
CIM,16.5,16.8,16.85,16.82,16.41,1,16.45,16.35,16.585,16.235
CIM,16.81,16.47,16.73,16.85,16.45,2,16.5,16.8,16.82,16.41
CIM,16.47,16.62,16.82,16.73,16.46,3,16.81,16.47,16.85,16.45
CIM,16.59,16.52,16.68,16.82,16.52,4,16.47,16.62,16.73,16.46
CIM,16.58,16.63,16.67,16.68,16.53,5,16.59,16.52,16.82,16.52
CIM,16.63,16.56,16.66,16.67,16.52,6,16.58,16.63,16.68,16.53
CIM,16.62,16.59,16.65,16.66,16.53,7,16.63,16.56,16.67,16.52
CIM,16.61,16.49,16.5,16.65,16.47,8,16.62,16.59,16.66,16.53
CIM,16.44,16.45,16.52,16.5,16.29,9,16.61,16.49,16.65,16.47
CIM,16.45,16.5,16.465,16.52,16.31,10,16.44,16.45,16.5,16.29
CIM,16.33,16.43,16.53,16.465,16.285,11,16.45,16.5,16.52,16.31
CIM,16.48,16.44,16.66,16.53,16.36,12,16.33,16.43,16.465,16.285
CIM,16.51,16.64,16.81,16.66,16.43,13,16.48,16.44,16.53,16.36
CIM,16.58,16.75,16.58,16.81,16.55,14,16.51,16.64,16.66,16.43
CIM,16.34,16.43,16.61,16.58,16.075,15,16.58,16.75,16.81,16.55
CIM,16.51,16.24,16.19,16.61,16.13,16,16.34,16.43,16.58,16.075
CIM,16.12,15.9,16.25,16.19,15.745,17,16.51,16.24,16.61,16.13
CIM,16.16,15.62,16.13,16.25,15.61,18,16.12,15.9,16.19,15.745
CIM,15.73,16.03,16.06,16.13,15.59,19,16.16,15.62,16.25,15.61
CIM,15.99,15.73,16.285,16.06,15.65,20,15.73,16.03,16.13,15.59
CIM,15.91,16.26,16.48,16.285,15.83,21,15.99,15.73,16.06,15.65
CIM,16.41,16.39,16.51,16.48,16.305,22,15.91,16.26,16.285,15.83
CIM,16.4,16.28,16.3271,16.51,16.27,23,16.41,16.39,16.48,16.305
CIM,16.17,16.23,16.31,16.3271,16.13,24,16.4,16.28,16.51,16.27
CIM,16.29,15.94,15.895,16.31,15.93,25,16.17,16.23,16.3271,16.13
CIM,15.87,15.47,15.62,15.895,15.27,26,16.29,15.94,16.31,15.93
CIM,15.45,15.23,15.27,15.62,15.16,27,15.87,15.47,15.895,15.27
CIM,15.16,15.21,15.4499,15.27,14.93,28,15.45,15.23,15.62,15.16
CIM,15.36,15.08,15.24,15.4499,15.0,29,15.16,15.21,15.27,14.93
CIM,14.99,14.8,14.56,15.24,14.75,30,15.36,15.08,15.4499,15.0
CIM,14.2,14.49,15.325,14.56,13.97,31,14.99,14.8,15.24,14.75
CIM,14.75,15.25,15.53,15.325,14.73,32,14.2,14.49,14.56,13.97
CIM,15.3,15.41,15.62,15.53,15.2396,33,14.75,15.25,15.325,14.73
CIM,15.5,15.46,15.595,15.62,15.43,34,15.3,15.41,15.53,15.2396
CIM,15.51,15.55,15.808,15.595,15.26,35,15.5,15.46,15.62,15.43
CIM,15.56,15.66,15.31,15.808,15.519,36,15.51,15.55,15.595,15.26
CIM,15.27,15.15,15.34,15.31,15.05,37,15.56,15.66,15.808,15.519
CIM,15.2,15.1,15.19,15.34,15.075,38,15.27,15.15,15.31,15.05
CIM,15.1,15.08,15.515,15.19,15.03,39,15.2,15.1,15.34,15.075
CIM,15.23,15.32,15.605,15.515,15.13,40,15.1,15.08,15.19,15.03
CIM,15.6,15.22,15.36,15.605,15.21,41,15.23,15.32,15.515,15.13
CIM,15.25,15.04,15.28,15.36,15.0,42,15.6,15.22,15.605,15.21
CIM,15.17,15.11,15.18,15.28,15.04,43,15.25,15.04,15.36,15.0
CIM,15.17,15.06,15.16,15.18,15.01,44,15.17,15.11,15.28,15.04
CIM,15.055,14.87,15.04,15.16,14.77,45,15.17,15.06,15.18,15.01
CIM,14.9,15.02,15.11,15.04,14.715,46,15.055,14.87,15.16,14.77
CIM,15.06,14.79,15.13,15.11,14.76,47,14.9,15.02,15.04,14.715
CIM,14.9,14.73,14.77,15.13,14.73,48,15.06,14.79,15.11,14.76
CIM,14.66,14.75,14.75,14.77,14.58,49,14.9,14.73,15.13,14.73
CIM,14.72,14.45,14.55,14.75,14.435,50,14.66,14.75,14.77,14.58
CIM,14.5,14.35,14.62,14.55,14.35,51,14.72,14.45,14.75,14.435
CIM,14.39,14.18,14.29,14.62,14.17,52,14.5,14.35,14.55,14.35
CIM,14.1,13.91,13.91,14.29,13.87,53,14.39,14.18,14.62,14.17
CIM,13.7,13.84,14.25,13.91,13.2,54,14.1,13.91,14.29,13.87
CIM,13.68,14.15,14.63,14.25,13.545,55,13.7,13.84,13.91,13.2
CIM,14.33,14.16,14.625,14.63,13.98,56,13.68,14.15,14.25,13.545
CIM,14.375,13.97,14.06,14.625,13.88,57,14.33,14.16,14.63,13.98
CIM,14.02,14.05,14.5,14.06,13.53,58,14.375,13.97,14.625,13.88
CIM,13.96,14.5,14.52,14.5,13.95,59,14.02,14.05,14.06,13.53
CIM,14.4,14.29,14.35,14.52,14.03,60,13.96,14.5,14.5,13.95
CIM,14.3,14.07,14.075,14.35,13.8786,61,14.4,14.29,14.52,14.03
CIM,14.02,13.59,13.735,14.075,13.59,62,14.3,14.07,14.35,13.8786
CIM,13.59,13.63,13.8297,13.735,13.4,63,14.02,13.59,14.075,13.59
CIM,13.75,13.49,13.985,13.8297,13.48,64,13.59,13.63,13.735,13.4
CIM,13.53,13.79,13.96,13.985,13.495,65,13.75,13.49,13.8297,13.48
CIM,13.83,13.6,13.8171,13.96,13.58,66,13.53,13.79,13.985,13.495
CIM,13.53,13.31,13.47,13.8171,13.24,67,13.83,13.6,13.96,13.58
CIM,13.33,13.3,13.368,13.47,13.16,68,13.53,13.31,13.8171,13.24
CIM,13.32,13.15,13.41,13.368,13.07,69,13.33,13.3,13.47,13.16
CIM,13.25,13.37,13.52,13.41,13.19,70,13.32,13.15,13.368,13.07
CIM,13.43,13.46,13.45,13.52,13.345,71,13.25,13.37,13.41,13.19
CIM,13.3,12.82,13.1,13.45,12.81,72,13.43,13.46,13.52,13.345
CIM,12.85,12.98,12.95,13.1,12.7003,73,13.3,12.82,13.45,12.81
CIM,12.87,12.34,12.4493,12.95,12.19,74,12.85,12.98,13.1,12.7003
CIM,12.4,11.9,12.1962,12.4493,11.9,75,12.87,12.34,12.95,12.19
CIM,11.39,12.13,12.31,12.1962,11.3,76,12.4,11.9,12.4493,11.9
CIM,12.3,12.23,12.24,12.31,12.09,77,11.39,12.13,12.1962,11.3
CIM,12.13,12.17,12.2,12.24,11.95,78,12.3,12.23,12.31,12.09
CIM,12.11,11.92,12.255,12.2,11.77,79,12.13,12.17,12.24,11.95
CIM,12.05,12.22,12.41,12.255,11.93,80,12.11,11.92,12.2,11.77
CIM,12.35,12.27,12.17,12.41,12.13,81,12.05,12.22,12.255,11.93
CIM,12.09,12.17,12.14,12.17,11.97,82,12.35,12.27,12.41,12.13
CIM,12.12,11.85,12.39,12.14,11.85,83,12.09,12.17,12.17,11.97
CIM,11.95,12.16,12.46,12.39,11.87,84,12.12,11.85,12.14,11.85
CIM,12.37,12.25,12.25,12.46,12.23,85,11.95,12.16,12.39,11.87
CIM,12.07,12.23,12.2985,12.25,12.0,86,12.37,12.25,12.46,12.23
CIM,12.24,12.19,12.36,12.2985,12.1003,87,12.07,12.23,12.25,12.0
CIM,12.3,12.14,12.31,12.36,12.0201,88,12.24,12.19,12.2985,12.1003
CIM,12.2,12.28,12.43,12.31,12.1599,89,12.3,12.14,12.36,12.0201
MU,72.97,72.92,75.03,73.74,72.36,1,72.3,72.24,72.478,71.04
MU,73.35,74.56,76.27,75.03,73.12,2,72.97,72.92,73.74,72.36
MU,75.0,75.59,75.147,76.27,74.56,3,73.35,74.56,75.03,73.12
MU,74.0,73.41,74.96,75.147,73.2,4,75.0,75.59,76.27,74.56
MU,74.0,74.55,78.02,74.96,73.619,5,74.0,73.41,75.147,73.2
MU,75.05,77.3,78.28,78.02,74.95,6,74.0,74.55,74.96,73.619
MU,77.68,76.78,77.15,78.28,76.6,7,75.05,77.3,78.02,74.95
MU,76.5,76.81,76.57,77.15,75.78,8,77.68,76.78,78.28,76.6
MU,76.37,75.46,77.5,76.57,75.19,9,76.5,76.81,77.15,75.78
MU,76.88,77.02,83.86,77.5,75.75,10,76.37,75.46,76.57,75.19
MU,79.0,83.03,87.67,83.86,78.93,11,76.88,77.02,77.5,75.75
MU,83.73,83.86,87.71,87.67,83.66,12,79.0,83.03,83.86,78.93
MU,85.13,85.41,87.155,87.71,84.33,13,83.73,83.86,87.67,83.66
MU,84.8,86.21,84.05,87.155,84.61,14,85.13,85.41,87.71,84.33
MU,83.18,83.42,86.27,84.05,81.98,15,84.8,86.21,87.155,84.61
MU,84.45,86.14,86.92,86.27,84.155,16,83.18,83.42,84.05,81.98
MU,85.57,84.0,89.05,86.92,83.95,17,84.45,86.14,86.27,84.155
MU,86.51,85.15,83.59,89.05,85.0,18,85.57,84.0,86.92,83.95
MU,82.59,82.88,84.43,83.59,81.35,19,86.51,85.15,89.05,85.0
MU,83.71,81.62,83.23,84.43,80.64,20,82.59,82.88,83.59,81.35
MU,81.92,82.45,87.039,83.23,80.53,21,83.71,81.62,84.43,80.64
MU,84.42,85.83,86.34,87.039,84.33,22,81.92,82.45,83.23,80.53
MU,85.42,86.02,86.54,86.34,84.031,23,84.42,85.83,87.039,84.33
MU,85.33,84.93,85.68,86.54,84.63,24,85.42,86.02,86.34,84.031
MU,84.38,85.54,87.38,85.68,84.1301,25,85.33,84.93,86.54,84.63
MU,86.69,84.35,84.77,87.38,84.2,26,84.38,85.54,85.68,84.1301
MU,83.13,83.29,85.79,84.77,82.91,27,86.69,84.35,87.38,84.2
MU,83.45,85.66,86.32,85.79,82.055,28,83.13,83.29,84.77,82.91
MU,85.92,82.69,83.29,86.32,82.133,29,83.45,85.66,85.79,82.055
MU,81.49,83.0,83.25,83.29,80.94,30,85.92,82.69,86.32,82.133
MU,82.09,82.03,91.14,83.25,80.91,31,81.49,83.0,83.29,80.94
MU,89.0,90.68,90.48,91.14,87.35,32,82.09,82.03,83.25,80.91
MU,90.0,90.34,95.0,90.48,88.92,33,89.0,90.68,91.14,87.35
MU,90.6,94.42,94.93,95.0,90.35,34,90.0,90.34,90.48,88.92
MU,93.84,94.43,93.89,94.93,92.73,35,90.6,94.42,95.0,90.35
MU,93.79,92.94,96.745,93.89,92.06,36,93.84,94.43,94.93,92.73
MU,94.0,96.17,95.505,96.745,93.91,37,93.79,92.94,93.89,92.06
MU,94.57,93.89,94.4174,95.505,93.4332,38,94.0,96.17,96.745,93.91
MU,93.94,93.15,95.835,94.4174,93.03,39,94.57,93.89,95.505,93.4332
MU,93.99,95.75,96.59,95.835,93.48,40,93.94,93.15,94.4174,93.03
MU,95.6,96.34,98.45,96.59,93.54,41,93.99,95.75,95.835,93.48
MU,95.38,94.4,96.71,98.45,94.35,42,95.6,96.34,96.59,93.54
MU,95.06,95.65,97.19,96.71,94.12,43,95.38,94.4,98.45,94.35
MU,96.0,94.45,95.67,97.19,93.94,44,95.06,95.65,96.71,94.12
MU,94.34,93.89,94.27,95.67,91.04,45,96.0,94.45,97.19,93.94
MU,92.54,94.2,96.23,94.27,91.65,46,94.34,93.89,95.67,91.04
MU,95.13,95.11,98.105,96.23,93.78,47,92.54,94.2,94.27,91.65
MU,96.52,95.62,97.43,98.105,95.3031,48,95.13,95.11,96.23,93.78
MU,94.44,97.36,95.95,97.43,94.4,49,96.52,95.62,98.105,95.3031
MU,95.51,92.87,94.78,95.95,92.54,50,94.44,97.36,97.43,94.4
MU,93.8,90.0,90.33,94.78,89.77,51,95.51,92.87,95.95,92.54
MU,90.29,85.07,85.14,90.33,84.93,52,93.8,90.0,94.78,89.77
MU,84.22,81.93,83.04,85.14,81.52,53,90.29,85.07,90.33,84.93
MU,80.21,82.95,82.42,83.04,77.64,54,84.22,81.93,85.14,81.52
MU,80.96,80.72,84.785,82.42,79.65,55,80.21,82.95,83.04,77.64
MU,83.25,81.97,83.695,84.785,80.61,56,80.96,80.72,82.42,79.65
MU,83.5,78.72,79.28,83.695,78.3901,57,83.25,81.97,84.785,80.61
MU,77.28,79.27,82.31,79.28,75.52,58,83.5,78.72,83.695,78.3901
MU,78.97,82.27,82.39,82.31,78.02,59,77.28,79.27,79.28,75.52
MU,82.24,81.45,84.7,82.39,80.42,60,78.97,82.27,82.31,78.02
MU,82.93,84.51,85.18,84.7,82.54,61,82.24,81.45,82.39,80.42
MU,82.85,81.97,82.19,85.18,81.71,62,82.93,84.51,84.7,82.54
MU,81.29,81.17,82.04,82.19,79.84,63,82.85,81.97,85.18,81.71
MU,81.25,80.87,84.4,82.04,80.48,64,81.29,81.17,82.19,79.84
MU,81.15,84.12,88.78,84.4,81.0,65,81.25,80.87,82.04,80.48
MU,84.62,88.12,94.64,88.78,83.56,66,81.15,84.12,84.4,81.0
MU,89.1,91.02,94.5799,94.64,88.48,67,84.62,88.12,88.78,83.56
MU,91.26,89.76,93.17,94.5799,88.95,68,89.1,91.02,94.64,88.48
MU,92.02,89.86,96.5,93.17,88.71,69,91.26,89.76,94.5799,88.95
MU,91.02,96.0,96.49,96.5,91.01,70,92.02,89.86,93.17,88.71
MU,94.44,96.06,96.0,96.49,93.57,71,91.02,96.0,96.5,91.01
MU,94.92,93.73,94.68,96.0,93.49,72,94.44,96.06,96.49,93.57
MU,94.68,90.8,93.97,94.68,88.895,73,94.92,93.73,96.0,93.49
MU,90.0,90.57,91.87,93.97,88.67,74,94.68,90.8,94.68,88.895
MU,91.53,87.31,88.94,91.87,87.07,75,90.0,90.57,93.97,88.67
MU,84.09,88.83,90.48,88.94,83.79,76,91.53,87.31,91.87,87.07
MU,88.04,90.1,89.75,90.48,87.28,77,84.09,88.83,88.94,83.79
MU,88.53,88.86,89.84,89.75,87.1598,78,88.04,90.1,90.48,87.28
MU,88.25,86.26,94.07,89.84,84.66,79,88.53,88.86,89.75,87.1598
MU,87.35,93.3,92.19,94.07,87.03,80,88.25,86.26,89.84,84.66
MU,91.56,89.18,87.42,92.19,88.385,81,87.35,93.3,94.07,87.03
MU,87.32,81.91,82.97,87.42,80.515,82,91.56,89.18,92.19,88.385
MU,81.78,75.7,80.25,82.97,75.625,83,87.32,81.91,87.42,80.515
MU,76.26,77.16,80.49,80.25,73.93,84,81.78,75.7,82.97,75.625
MU,80.05,79.44,77.735,80.49,77.54,85,76.26,77.16,80.25,73.93
MU,77.735,75.72,76.7,77.735,73.81,86,80.05,79.44,80.49,77.54
MU,76.7,72.82,72.47,76.7,72.635,87,77.735,75.72,77.735,73.81
MU,71.87,69.4,73.53,72.47,68.96,88,76.7,72.82,76.7,72.635
MU,69.93,73.11,79.71,73.53,68.34,89,71.87,69.4,72.47,68.96
NUE,112.5,112.2,119.3209,115.57,111.37,1,110.32,111.8,114.08,110.2
NUE,118.33,116.24,115.03,119.3209,115.2,2,112.5,112.2,115.57,111.37
NUE,114.18,113.4,114.09,115.03,111.9204,3,118.33,116.24,119.3209,115.2
NUE,111.51,110.36,115.655,114.09,109.63,4,114.18,113.4,115.03,111.9204
NUE,112.04,113.37,114.88,115.655,112.0,5,111.51,110.36,114.09,109.63
NUE,113.17,112.24,112.31,114.88,112.0,6,112.04,113.37,115.655,112.0
NUE,111.42,109.96,112.89,112.31,108.52,7,113.17,112.24,114.88,112.0
NUE,110.1,111.7,112.18,112.89,109.14,8,111.42,109.96,112.31,108.52
NUE,111.1,109.11,112.62,112.18,109.06,9,110.1,111.7,112.89,109.14
NUE,109.49,111.7,114.31,112.62,109.17,10,111.1,109.11,112.18,109.06
NUE,111.01,112.85,121.48,114.31,110.67,11,109.49,111.7,112.62,109.17
NUE,113.99,119.67,122.06,121.48,113.77,12,111.01,112.85,114.31,110.67
NUE,119.905,119.38,120.64,122.06,117.26,13,113.99,119.67,121.48,113.77
NUE,119.5,115.79,115.3956,120.64,115.6,14,119.905,119.38,122.06,117.26
NUE,110.47,113.98,117.0,115.3956,109.25,15,119.5,115.79,120.64,115.6
NUE,115.5,112.07,112.55,117.0,112.01,16,110.47,113.98,115.3956,109.25
NUE,111.98,106.26,110.7818,112.55,105.83,17,115.5,112.07,117.0,112.01
NUE,108.42,104.69,109.47,110.7818,104.62,18,111.98,106.26,112.55,105.83
NUE,105.47,107.56,112.5,109.47,105.1392,19,108.42,104.69,110.7818,104.62
NUE,108.26,110.5,113.17,112.5,108.26,20,105.47,107.56,109.47,105.1392
NUE,112.56,110.24,115.5699,113.17,110.11,21,108.26,110.5,112.5,108.26
NUE,113.47,114.01,115.48,115.5699,112.79,22,112.56,110.24,113.17,110.11
NUE,115.46,112.81,113.25,115.48,112.25,23,113.47,114.01,115.5699,112.79
NUE,111.5,112.89,114.69,113.25,109.35,24,115.46,112.81,115.48,112.25
NUE,114.39,113.21,116.56,114.69,110.35,25,111.5,112.89,113.25,109.35
NUE,114.0,115.55,121.04,116.56,111.4,26,114.39,113.21,114.69,110.35
NUE,115.29,118.42,114.49,121.04,114.6,27,114.0,115.55,116.56,111.4
NUE,112.99,108.22,115.93,114.49,103.3701,28,115.29,118.42,121.04,114.6
NUE,111.01,113.9,118.7,115.93,111.1401,29,112.99,108.22,114.49,103.3701
NUE,113.68,118.0,116.7294,118.7,112.41,30,111.01,113.9,115.93,111.1401
NUE,115.35,111.13,113.23,116.7294,110.145,31,113.68,118.0,118.7,112.41
NUE,112.265,112.52,114.25,113.23,110.92,32,115.35,111.13,116.7294,110.145
NUE,112.7,113.64,114.9,114.25,112.0,33,112.265,112.52,113.23,110.92
NUE,113.51,114.3,116.98,114.9,112.64,34,112.7,113.64,114.25,112.0
NUE,114.74,116.65,115.7499,116.98,113.53,35,113.51,114.3,114.9,112.64
NUE,114.44,114.45,115.56,115.7499,113.01,36,114.74,116.65,116.98,113.53
NUE,114.68,114.89,116.62,115.56,113.2501,37,114.44,114.45,115.7499,113.01
NUE,114.8,113.85,114.65,116.62,113.67,38,114.68,114.89,115.56,113.2501
NUE,113.64,114.15,118.245,114.65,112.51,39,114.8,113.85,116.62,113.67
NUE,114.98,113.04,117.8199,118.245,112.39,40,113.64,114.15,114.65,112.51
NUE,114.44,117.07,126.6702,117.8199,112.68,41,114.98,113.04,118.245,112.39
NUE,118.26,122.72,123.9799,126.6702,118.2,42,114.44,117.07,117.8199,112.68
NUE,123.83,116.6,117.7399,123.9799,116.4201,43,118.26,122.72,126.6702,118.2
NUE,117.49,114.44,115.11,117.7399,113.5,44,123.83,116.6,123.9799,116.4201
NUE,114.39,111.86,110.91,115.11,110.46,45,117.49,114.44,117.7399,113.5
NUE,110.0,110.84,115.34,110.91,107.42,46,114.39,111.86,115.11,110.46
NUE,112.79,114.72,116.17,115.34,111.43,47,110.0,110.84,110.91,107.42
NUE,114.15,112.72,112.78,116.17,112.29,48,112.79,114.72,115.34,111.43
NUE,111.37,110.82,108.735,112.78,109.441,49,114.15,112.72,116.17,112.29
NUE,108.53,106.7,108.92,108.735,105.38,50,111.37,110.82,112.78,109.441
NUE,108.21,104.25,106.51,108.92,103.62,51,108.53,106.7,108.735,105.38
NUE,103.8,100.34,98.78,106.51,100.04,52,108.21,104.25,108.92,103.62
NUE,98.75,93.05,95.91,98.78,92.89,53,103.8,100.34,106.51,100.04
NUE,90.15,95.31,95.42,95.91,88.5,54,98.75,93.05,98.78,92.89
NUE,93.0,94.19,96.03,95.42,92.23,55,90.15,95.31,95.91,88.5
NUE,95.51,93.04,99.01,96.03,91.69,56,93.0,94.19,95.42,92.23
NUE,96.25,96.74,100.58,99.01,95.32,57,95.51,93.04,96.03,91.69
NUE,97.24,99.79,102.93,100.58,96.6901,58,96.25,96.74,99.01,95.32
NUE,99.47,101.4,107.665,102.93,99.07,59,97.24,99.79,100.58,96.6901
NUE,103.69,107.46,112.75,107.665,103.41,60,99.47,101.4,102.93,99.07
NUE,107.62,111.98,114.99,112.75,106.02,61,103.69,107.46,107.665,103.41
NUE,111.28,112.25,114.34,114.99,110.57,62,107.62,111.98,112.75,106.02
NUE,112.55,111.26,113.57,114.34,110.13,63,111.28,112.25,114.99,110.57
NUE,112.82,111.12,116.85,113.57,109.2,64,112.55,111.26,114.34,110.13
NUE,112.2,115.57,120.34,116.85,111.83,65,112.82,111.12,113.57,109.2
NUE,115.63,120.08,123.36,120.34,115.24,66,112.2,115.57,116.85,111.83
NUE,118.35,121.59,122.1,123.36,118.02,67,115.63,120.08,120.34,115.24
NUE,119.03,118.41,119.95,122.1,117.8513,68,118.35,121.59,123.36,118.02
NUE,119.05,117.35,122.03,119.95,116.52,69,119.03,118.41,122.1,117.8513
NUE,117.64,121.58,124.39,122.03,117.0,70,119.05,117.35,119.95,116.52
NUE,120.94,122.66,123.58,124.39,120.63,71,117.64,121.58,122.03,117.0
NUE,121.5,120.94,124.05,123.58,120.3,72,120.94,122.66,124.39,120.63
NUE,121.42,122.93,124.9647,124.05,121.35,73,121.5,120.94,123.58,120.3
NUE,122.35,118.71,121.13,124.9647,118.18,74,121.42,122.93,124.05,121.35
NUE,119.95,117.98,121.28,121.13,117.22,75,122.35,118.71,124.9647,118.18
NUE,113.68,120.9,130.5,121.28,112.175,76,119.95,117.98,121.13,117.22
NUE,122.0,130.05,134.38,130.5,121.71,77,113.68,120.9,121.28,112.175
NUE,128.51,131.62,136.955,134.38,128.2,78,122.0,130.05,130.5,121.71
NUE,133.25,131.0,139.13,136.955,128.35,79,128.51,131.62,134.38,128.2
NUE,132.95,138.01,140.2492,139.13,130.45,80,133.25,131.0,136.955,128.35
NUE,139.03,137.53,138.9,140.2492,135.65,81,132.95,138.01,139.13,130.45
NUE,136.0,138.72,138.72,138.9,134.34,82,139.03,137.53,140.2492,135.65
NUE,137.24,131.9,131.78,138.72,130.25,83,136.0,138.72,138.9,134.34
NUE,131.0,125.96,131.22,131.78,125.6,84,137.24,131.9,138.72,130.25
NUE,126.9,130.01,134.195,131.22,126.01,85,131.0,125.96,131.78,125.6
NUE,129.69,133.56,138.245,134.195,128.93,86,126.9,130.01,131.22,126.01
NUE,132.2,135.25,136.37,138.245,131.13,87,129.69,133.56,134.195,128.93
NUE,135.9,132.05,135.88,136.37,129.3,88,132.2,135.25,138.245,131.13
NUE,129.35,135.52,140.78,135.88,128.68,89,135.9,132.05,136.37,129.3
MTB,156.02,155.09,157.29,157.29,154.13,1,158.21,154.17,158.66,152.68
MTB,156.36,156.59,155.9,157.29,155.25,2,156.02,155.09,157.29,154.13
MTB,155.34,154.61,157.15,155.9,153.415,3,156.36,156.59,157.29,155.25
MTB,155.21,156.39,159.92,157.15,154.57,4,155.34,154.61,155.9,153.415
MTB,156.4,159.22,160.82,159.92,155.78,5,155.21,156.39,157.15,154.57
MTB,160.0,159.87,162.26,160.82,157.845,6,156.4,159.22,159.92,155.78
MTB,160.34,160.21,161.61,162.26,159.675,7,160.0,159.87,160.82,157.845
MTB,160.07,160.42,161.52,161.61,159.215,8,160.34,160.21,162.26,159.675
MTB,159.96,161.17,162.685,161.52,158.64,9,160.07,160.42,161.61,159.215
MTB,161.94,159.42,159.05,162.685,159.14,10,159.96,161.17,161.52,158.64
MTB,157.17,157.37,163.15,159.05,154.515,11,161.94,159.42,162.685,159.14
MTB,160.135,161.37,163.26,163.15,159.18,12,157.17,157.37,159.05,154.515
MTB,161.93,161.85,163.15,163.26,161.42,13,160.135,161.37,163.15,159.18
MTB,161.77,161.47,155.15,163.15,160.05,14,161.93,161.85,163.26,161.42
MTB,154.8,153.99,155.91,155.15,151.16,15,161.77,161.47,163.15,160.05
MTB,155.29,152.16,149.99,155.91,150.77,16,154.8,153.99,155.15,151.16
MTB,149.37,146.61,152.051,149.99,145.93,17,155.29,152.16,155.91,150.77
MTB,149.63,144.04,152.155,152.051,143.94,18,149.37,146.61,149.99,145.93
MTB,146.12,150.72,150.9,152.155,143.98,19,149.63,144.04,152.051,143.94
MTB,150.61,146.96,154.22,150.9,145.79,20,146.12,150.72,152.155,143.98
MTB,149.65,151.68,154.39,154.22,148.84,21,150.61,146.96,150.9,145.79
MTB,152.92,152.71,154.27,154.39,151.86,22,149.65,151.68,154.22,148.84
MTB,153.55,151.95,153.44,154.27,151.47,23,152.92,152.71,154.39,151.86
MTB,150.94,152.24,153.64,153.44,150.22,24,153.55,151.95,154.27,151.47
MTB,153.08,152.21,152.36,153.64,151.07,25,150.94,152.24,153.44,150.22
MTB,151.77,147.63,151.15,152.36,147.5,26,153.08,152.21,153.64,151.07
MTB,148.09,149.42,151.89,151.15,147.65,27,151.77,147.63,152.36,147.5
MTB,151.21,150.62,156.66,151.89,148.74,28,148.09,149.42,151.15,147.65
MTB,153.03,153.18,152.87,156.66,151.88,29,151.21,150.62,151.89,148.74
MTB,152.75,147.15,145.08,152.87,146.86,30,153.03,153.18,156.66,151.88
MTB,144.44,144.7,149.68,145.08,141.49,31,152.75,147.15,152.87,146.86
MTB,146.69,149.05,151.44,149.68,146.44,32,144.44,144.7,145.08,141.49
MTB,148.99,150.51,153.21,151.44,148.055,33,146.69,149.05,149.68,146.44
MTB,151.86,150.95,153.55,153.21,150.66,34,148.99,150.51,151.44,148.055
MTB,151.71,153.48,154.91,153.55,149.77,35,151.86,150.95,153.21,150.66
MTB,153.07,154.19,155.0,154.91,152.83,36,151.71,153.48,153.55,149.77
MTB,153.88,154.1,155.81,155.0,152.89,37,153.07,154.19,154.91,152.83
MTB,154.82,153.18,154.36,155.81,153.06,38,153.88,154.1,155.0,152.89
MTB,153.45,153.58,158.64,154.36,152.43,39,154.82,153.18,155.81,153.06
MTB,155.63,158.25,166.2,158.64,155.24,40,153.45,153.58,154.36,152.43
MTB,160.47,164.0,167.77,166.2,160.385,41,155.63,158.25,158.64,155.24
MTB,165.43,165.29,173.68,167.77,164.58,42,160.47,164.0,166.2,160.385
MTB,167.95,171.93,177.305,173.68,167.73,43,165.43,165.29,167.77,164.58
MTB,172.57,176.93,180.0,177.305,170.99,44,167.95,171.93,173.68,167.73
MTB,179.01,177.49,179.1897,180.0,175.295,45,172.57,176.93,177.305,170.99
MTB,178.07,178.2,180.49,179.1897,175.96,46,179.01,177.49,180.0,175.295
MTB,178.15,179.53,184.78,180.49,178.175,47,178.07,178.2,179.1897,175.96
MTB,181.31,183.21,185.38,184.78,181.07,48,178.15,179.53,180.49,178.175
MTB,181.39,185.34,186.93,185.38,179.74,49,181.31,183.21,184.78,181.07
MTB,185.65,182.39,182.865,186.93,181.45,50,181.39,185.34,185.38,179.74
MTB,182.63,175.92,181.2,182.865,175.9,51,185.65,182.39,186.93,181.45
MTB,179.16,166.35,165.35,181.2,165.78,52,182.63,175.92,182.865,175.9
MTB,165.0,160.11,167.13,165.35,157.8473,53,179.16,166.35,181.2,165.78
MTB,158.41,166.63,166.44,167.13,156.5,54,165.0,160.11,165.35,157.8473
MTB,164.15,164.59,168.14,166.44,160.74,55,158.41,166.63,167.13,156.5
MTB,166.59,167.76,173.68,168.14,164.04,56,164.15,164.59,166.44,160.74
MTB,170.09,168.86,172.1,173.68,167.4,57,166.59,167.76,168.14,164.04
MTB,167.34,172.07,170.41,172.1,166.91,58,170.09,168.86,173.68,167.4
MTB,170.01,169.38,173.47,170.41,166.7,59,167.34,172.07,172.1,166.91
MTB,169.3,172.85,176.5,173.47,168.34,60,170.01,169.38,170.41,166.7
MTB,171.98,175.82,179.185,176.5,171.01,61,169.3,172.85,173.47,168.34
MTB,176.47,175.18,180.9,179.185,174.27,62,171.98,175.82,176.5,171.01
MTB,175.35,179.56,181.59,180.9,175.3,63,176.47,175.18,179.185,174.27
MTB,180.05,180.48,185.09,181.59,177.33,64,175.35,179.56,180.9,175.3
MTB,183.28,184.29,184.68,185.09,182.01,65,180.05,180.48,181.59,177.33
MTB,184.06,183.05,186.95,184.68,182.365,66,183.28,184.29,185.09,182.01
MTB,183.94,183.11,186.5,186.95,181.901,67,184.06,183.05,184.68,182.365
MTB,181.22,182.3,184.35,186.5,180.93,68,183.94,183.11,186.95,181.901
MTB,183.08,180.41,184.57,184.35,179.1,69,181.22,182.3,186.5,180.93
MTB,182.25,183.93,186.675,184.57,181.35,70,183.08,180.41,184.35,179.1
MTB,182.93,186.1,184.43,186.675,182.11,71,182.25,183.93,184.57,181.35
MTB,183.77,182.66,184.22,184.43,181.19,72,182.93,186.1,186.675,182.11
MTB,181.85,182.35,184.445,184.22,181.455,73,183.77,182.66,184.43,181.19
MTB,180.94,182.59,185.45,184.445,179.38,74,181.85,182.35,184.22,181.455
MTB,184.39,180.81,174.88,185.45,179.73,75,180.94,182.59,184.445,179.38
MTB,173.16,174.47,183.6,174.88,168.1,76,184.39,180.81,185.45,179.73
MTB,174.5,183.03,182.51,183.6,174.65,77,173.16,174.47,174.88,168.1
MTB,177.34,182.23,180.6,182.51,177.22,78,174.5,183.03,183.6,174.65
MTB,180.16,169.85,180.85,180.6,168.37,79,177.34,182.23,182.51,177.22
MTB,172.56,178.81,180.98,180.85,172.38,80,180.16,169.85,180.6,168.37
MTB,179.36,180.65,176.58,180.98,177.01,81,172.56,178.81,180.85,172.38
MTB,174.46,176.22,178.9,176.58,172.52,82,179.36,180.65,180.98,177.01
MTB,173.98,170.49,175.13,178.9,170.42,83,174.46,176.22,176.58,172.52
MTB,173.77,168.13,177.435,175.13,167.02,84,173.98,170.49,178.9,170.42
MTB,175.57,173.21,175.43,177.435,171.885,85,173.77,168.13,175.13,167.02
MTB,171.11,173.9,178.36,175.43,170.43,86,175.57,173.21,177.435,171.885
MTB,175.73,172.22,177.98,178.36,172.12,87,171.11,173.9,175.43,170.43
MTB,175.13,175.2,176.82,177.98,173.06,88,175.73,172.22,178.36,172.12
MTB,175.385,175.01,181.5,176.82,172.0,89,175.13,175.2,177.98,173.06
SRC,49.27,49.21,49.28,50.26,48.78,1,48.89,48.69,49.64,48.31
SRC,49.22,48.68,49.01,49.28,48.425,2,49.27,49.21,50.26,48.78
SRC,48.57,48.78,49.089,49.01,48.4,3,49.22,48.68,49.28,48.425
SRC,48.82,48.74,49.11,49.089,48.71,4,48.57,48.78,49.01,48.4
SRC,48.73,49.1,49.37,49.11,48.33,5,48.82,48.74,49.089,48.71
SRC,48.95,48.37,48.67,49.37,48.27,6,48.73,49.1,49.11,48.33
SRC,48.32,48.32,48.73,48.67,48.06,7,48.95,48.37,49.37,48.27
SRC,48.28,47.77,47.77,48.73,47.35,8,48.32,48.32,48.67,48.06
SRC,47.56,47.67,48.04,47.77,46.69,9,48.28,47.77,48.73,47.35
SRC,47.5,47.36,47.44,48.04,47.26,10,47.56,47.67,47.77,46.69
SRC,47.28,46.82,47.33,47.44,46.45,11,47.5,47.36,48.04,47.26
SRC,46.98,46.87,47.36,47.33,46.67,12,47.28,46.82,47.44,46.45
SRC,46.82,46.43,47.25,47.36,46.4,13,46.98,46.87,47.33,46.67
SRC,46.4,47.15,45.97,47.25,46.16,14,46.82,46.43,47.36,46.4
SRC,45.81,45.5,46.09,45.97,44.52,15,46.4,47.15,47.25,46.16
SRC,45.64,45.8,45.4,46.09,45.165,16,45.81,45.5,45.97,44.52
SRC,45.01,44.56,46.12,45.4,44.52,17,45.64,45.8,46.09,45.165
SRC,45.18,43.68,45.59,46.12,43.65,18,45.01,44.56,45.4,44.52
SRC,44.11,45.52,45.5,45.59,43.68,19,45.18,43.68,46.12,43.65
SRC,45.35,44.72,46.43,45.5,44.33,20,44.11,45.52,45.59,43.68
SRC,45.34,45.97,46.98,46.43,45.04,21,45.35,44.72,45.5,44.33
SRC,46.21,46.54,47.47,46.98,45.93,22,45.34,45.97,46.43,45.04
SRC,46.41,47.26,47.1,47.47,46.26,23,46.21,46.54,46.98,45.93
SRC,46.26,46.78,47.49,47.1,46.07,24,46.41,47.26,47.47,46.26
SRC,46.94,47.05,47.95,47.49,46.6,25,46.26,46.78,47.1,46.07
SRC,46.9,47.81,47.84,47.95,46.73,26,46.94,47.05,47.49,46.6
SRC,47.6,47.19,47.34,47.84,46.89,27,46.9,47.81,47.95,46.73
SRC,47.34,47.15,47.79,47.34,46.25,28,47.6,47.19,47.84,46.89
SRC,47.19,47.27,47.21,47.79,47.03,29,47.34,47.15,47.34,46.25
SRC,47.11,46.07,45.57,47.21,45.77,30,47.19,47.27,47.79,47.03
SRC,45.56,45.36,46.73,45.57,44.59,31,47.11,46.07,47.21,45.77
SRC,46.23,46.51,47.255,46.73,45.8,32,45.56,45.36,45.57,44.59
SRC,46.81,47.23,47.65,47.255,46.68,33,46.23,46.51,46.73,45.8
SRC,47.44,47.14,47.88,47.65,47.03,34,46.81,47.23,47.255,46.68
SRC,47.15,47.86,48.2,47.88,47.04,35,47.44,47.14,47.65,47.03
SRC,47.85,47.94,48.29,48.2,47.62,36,47.15,47.86,47.88,47.04
SRC,47.75,48.27,48.23,48.29,47.6,37,47.85,47.94,48.2,47.62
SRC,47.63,48.03,48.49,48.23,47.385,38,47.75,48.27,48.29,47.6
SRC,48.13,48.19,48.49,48.49,47.72,39,47.63,48.03,48.23,47.385
SRC,48.23,47.87,48.86,48.49,47.3721,40,48.13,48.19,48.49,47.72
SRC,48.51,48.54,48.92,48.86,47.925,41,48.23,47.87,48.49,47.3721
SRC,48.49,47.66,48.475,48.92,47.65,42,48.51,48.54,48.86,47.925
SRC,48.28,48.35,48.64,48.475,47.72,43,48.49,47.66,48.92,47.65
SRC,48.15,48.21,48.21,48.64,48.06,44,48.28,48.35,48.475,47.72
SRC,47.64,48.16,48.58,48.21,47.3113,45,48.15,48.21,48.64,48.06
SRC,48.26,48.47,49.35,48.58,47.735,46,47.64,48.16,48.21,47.3113
SRC,48.92,49.15,49.94,49.35,48.661,47,48.26,48.47,48.58,47.735
SRC,49.46,49.55,49.75,49.94,49.33,48,48.92,49.15,49.35,48.661
SRC,48.96,49.61,49.52,49.75,48.73,49,49.46,49.55,49.94,49.33
SRC,49.23,48.23,48.665,49.52,48.08,50,48.96,49.61,49.75,48.73
SRC,48.44,47.45,47.72,48.665,47.44,51,49.23,48.23,49.52,48.08
SRC,47.44,45.7,46.12,47.72,45.66,52,48.44,47.45,48.665,47.44
SRC,45.35,45.63,46.0,46.12,45.18,53,47.44,45.7,47.72,45.66
SRC,45.19,45.97,46.38,46.0,43.7804,54,45.35,45.63,46.12,45.18
SRC,45.31,45.95,46.87,46.38,45.0,55,45.19,45.97,46.0,43.7804
SRC,46.31,45.59,46.43,46.87,45.07,56,45.31,45.95,46.38,45.0
SRC,45.93,45.42,46.88,46.43,45.11,57,46.31,45.59,46.87,45.07
SRC,45.1,46.88,47.46,46.88,44.88,58,45.93,45.42,46.43,45.11
SRC,46.49,47.46,47.69,47.46,46.311,59,45.1,46.88,46.88,44.88
SRC,47.59,47.11,47.27,47.69,46.74,60,46.49,47.46,47.46,46.311
SRC,47.19,46.83,46.855,47.27,46.81,61,47.59,47.11,47.69,46.74
SRC,46.65,46.32,46.07,46.855,46.25,62,47.19,46.83,47.27,46.81
SRC,46.07,45.37,45.872,46.07,45.0,63,46.65,46.32,46.855,46.25
SRC,45.45,45.42,45.875,45.872,45.25,64,46.07,45.37,46.07,45.0
SRC,45.6,45.65,46.89,45.875,45.39,65,45.45,45.42,45.872,45.25
SRC,46.51,46.84,46.92,46.89,46.05,66,45.6,45.65,45.875,45.39
SRC,46.17,45.58,46.53,46.92,45.39,67,46.51,46.84,46.89,46.05
SRC,45.89,45.96,46.37,46.53,45.25,68,46.17,45.58,46.92,45.39
SRC,46.25,45.56,47.03,46.37,45.38,69,45.89,45.96,46.53,45.25
SRC,46.07,46.64,47.38,47.03,45.79,70,46.25,45.56,46.37,45.38
SRC,46.88,47.08,47.33,47.38,46.69,71,46.07,46.64,47.03,45.79
SRC,46.97,47.03,47.855,47.33,46.82,72,46.88,47.08,47.38,46.69
SRC,47.22,46.8,46.55,47.855,46.8,73,46.97,47.03,47.33,46.82
SRC,46.1,46.07,46.86,46.55,45.84,74,47.22,46.8,47.855,46.8
SRC,46.78,45.26,45.96,46.86,45.23,75,46.1,46.07,46.55,45.84
SRC,44.29,45.76,46.79,45.96,44.0,76,46.78,45.26,46.86,45.23
SRC,46.01,46.78,46.75,46.79,45.72,77,44.29,45.76,45.96,44.0
SRC,46.31,46.37,46.57,46.75,45.7581,78,46.01,46.78,46.79,45.72
SRC,46.42,45.76,46.9,46.57,45.37,79,46.31,46.37,46.75,45.7581
SRC,46.34,46.55,47.075,46.9,45.89,80,46.42,45.76,46.57,45.37
SRC,47.03,46.61,47.6,47.075,46.02,81,46.34,46.55,46.9,45.89
SRC,46.04,47.41,47.42,47.6,45.73,82,47.03,46.61,47.075,46.02
SRC,47.38,45.23,46.53,47.42,45.22,83,46.04,47.41,47.6,45.73
SRC,45.24,45.55,46.875,46.53,45.04,84,47.38,45.23,47.42,45.22
SRC,46.42,46.29,46.72,46.875,46.12,85,45.24,45.55,46.53,45.04
SRC,45.77,46.58,47.3,46.72,45.61,86,46.42,46.29,46.875,46.12
SRC,47.25,46.46,46.71,47.3,46.44,87,45.77,46.58,46.72,45.61
SRC,46.58,45.73,46.415,46.71,45.4,88,47.25,46.46,47.3,46.44
SRC,45.97,45.95,46.68,46.415,45.63,89,46.58,45.73,46.71,45.4
SFM,23.46,24.13,24.61,24.58,23.36,1,23.39,23.05,23.57,22.87
SFM,24.0,24.37,24.491,24.61,23.83,2,23.46,24.13,24.58,23.36
SFM,24.41,24.33,24.325,24.491,23.99,3,24.0,24.37,24.61,23.83
SFM,24.3,24.06,24.2,24.325,23.625,4,24.41,24.33,24.491,23.99
SFM,23.94,24.11,24.32,24.2,23.88,5,24.3,24.06,24.325,23.625
SFM,24.12,24.12,24.66,24.32,23.89,6,23.94,24.11,24.2,23.88
SFM,24.17,24.61,24.99,24.66,24.08,7,24.12,24.12,24.32,23.89
SFM,24.45,24.96,25.3,24.99,24.21,8,24.17,24.61,24.66,24.08
SFM,24.96,25.05,25.45,25.3,24.6,9,24.45,24.96,24.99,24.21
SFM,25.12,25.25,25.95,25.45,25.07,10,24.96,25.05,25.3,24.6
SFM,25.28,25.82,27.405,25.95,25.19,11,25.12,25.25,25.45,25.07
SFM,25.86,27.35,27.61,27.405,25.85,12,25.28,25.82,25.95,25.19
SFM,27.4,27.07,27.05,27.61,26.93,13,25.86,27.35,27.405,25.85
SFM,26.7,26.79,27.3501,27.05,26.52,14,27.4,27.07,27.61,26.93
SFM,26.71,26.89,27.395,27.3501,26.71,15,26.7,26.79,27.05,26.52
SFM,26.84,27.09,27.25,27.395,26.55,16,26.71,26.89,27.3501,26.71
SFM,26.89,26.46,27.15,27.25,26.41,17,26.84,27.09,27.395,26.55
SFM,26.61,26.31,27.15,27.15,26.29,18,26.89,26.46,27.25,26.41
SFM,26.48,26.62,26.978,27.15,26.38,19,26.61,26.31,27.15,26.29
SFM,26.64,26.42,27.39,26.978,26.25,20,26.48,26.62,27.15,26.38
SFM,26.49,26.93,27.38,27.39,26.41,21,26.64,26.42,26.978,26.25
SFM,27.14,26.55,26.83,27.38,26.475,22,26.49,26.93,27.39,26.41
SFM,26.6,26.01,26.4,26.83,25.72,23,27.14,26.55,27.38,26.475
SFM,25.91,26.34,26.87,26.4,25.81,24,26.6,26.01,26.83,25.72
SFM,26.49,26.79,27.7,26.87,26.31,25,25.91,26.34,26.4,25.81
SFM,26.69,27.43,27.8,27.7,26.5801,26,26.49,26.79,26.87,26.31
SFM,27.4,27.62,28.14,27.8,27.21,27,26.69,27.43,27.7,26.5801
SFM,27.63,28.05,28.5,28.14,27.33,28,27.4,27.62,27.8,27.21
SFM,28.01,28.28,29.045,28.5,27.76,29,27.63,28.05,28.14,27.33
SFM,28.45,28.31,28.86,29.045,28.15,30,28.01,28.28,28.5,27.76
SFM,27.94,28.52,28.53,28.86,27.9064,31,28.45,28.31,29.045,28.15
SFM,28.48,27.75,28.075,28.53,27.37,32,27.94,28.52,28.86,27.9064
SFM,27.77,27.8,28.19,28.075,27.08,33,28.48,27.75,28.53,27.37
SFM,27.97,27.98,28.585,28.19,27.8,34,27.77,27.8,28.075,27.08
SFM,27.98,28.5,29.5,28.585,27.98,35,27.97,27.98,28.19,27.8
SFM,28.58,29.49,30.61,29.5,28.3022,36,27.98,28.5,28.585,27.98
SFM,29.58,30.05,30.25,30.61,29.51,37,28.58,29.49,29.5,28.3022
SFM,30.17,29.88,30.1,30.25,29.66,38,29.58,30.05,30.61,29.51
SFM,29.86,29.68,29.81,30.1,29.62,39,30.17,29.88,30.25,29.66
SFM,29.69,29.77,30.455,29.81,29.25,40,29.86,29.68,30.1,29.62
SFM,29.74,29.94,30.41,30.455,29.675,41,29.69,29.77,29.81,29.25
SFM,30.21,29.08,29.5,30.41,29.05,42,29.74,29.94,30.455,29.675
SFM,29.05,29.35,30.52,29.5,28.31,43,30.21,29.08,30.41,29.05
SFM,29.58,30.21,30.9,30.52,29.52,44,29.05,29.35,29.5,28.31
SFM,30.19,30.83,31.31,30.9,29.91,45,29.58,30.21,30.52,29.52
SFM,30.85,28.74,28.88,31.31,28.535,46,30.19,30.83,30.9,29.91
SFM,28.6,28.84,29.87,28.88,27.835,47,30.85,28.74,31.31,28.535
SFM,29.02,29.45,29.485,29.87,28.81,48,28.6,28.84,28.88,27.835
SFM,29.27,29.24,29.68,29.485,28.71,49,29.02,29.45,29.87,28.81
SFM,29.19,29.64,29.65,29.68,29.1,50,29.27,29.24,29.485,28.71
SFM,29.5,29.17,29.21,29.65,28.6899,51,29.19,29.64,29.68,29.1
SFM,28.94,28.37,28.7,29.21,28.34,52,29.5,29.17,29.65,28.6899
SFM,28.32,28.57,29.4,28.7,28.16,53,28.94,28.37,29.21,28.34
SFM,28.56,29.27,29.0,29.4,28.475,54,28.32,28.57,28.7,28.16
SFM,28.88,27.82,28.36,29.0,27.41,55,28.56,29.27,29.4,28.475
SFM,27.84,27.67,28.57,28.36,27.445,56,28.88,27.82,29.0,27.41
SFM,27.63,28.27,27.75,28.57,27.5,57,27.84,27.67,28.36,27.445
SFM,27.75,26.89,27.14,27.75,26.54,58,27.63,28.27,28.57,27.5
SFM,26.75,27.14,27.54,27.14,26.36,59,27.75,26.89,27.75,26.54
SFM,26.83,27.12,28.125,27.54,26.63,60,26.75,27.14,27.14,26.36
SFM,27.5,28.09,29.005,28.125,27.29,61,26.83,27.12,27.54,26.63
SFM,27.92,28.43,28.83,29.005,27.542,62,27.5,28.09,28.125,27.29
SFM,28.39,28.81,29.03,28.83,27.98,63,27.92,28.43,29.005,27.542
SFM,28.91,28.74,29.45,29.03,28.55,64,28.39,28.81,28.83,27.98
SFM,28.84,29.42,29.6,29.45,28.57,65,28.91,28.74,29.03,28.55
SFM,29.41,29.06,29.19,29.6,28.95,66,28.84,29.42,29.45,28.57
SFM,29.15,28.72,29.68,29.19,28.625,67,29.41,29.06,29.6,28.95
SFM,28.79,29.59,29.65,29.68,28.7,68,29.15,28.72,29.19,28.625
SFM,29.54,29.35,29.96,29.65,28.48,69,28.79,29.59,29.68,28.7
SFM,29.15,29.77,29.94,29.96,29.17,70,29.54,29.35,29.65,28.48
SFM,29.82,29.03,29.73,29.94,28.77,71,29.15,29.77,29.96,29.17
SFM,29.03,28.96,29.18,29.73,28.86,72,29.82,29.03,29.94,28.77
SFM,28.98,29.12,29.36,29.18,28.75,73,29.03,28.96,29.73,28.86
SFM,29.14,28.47,29.55,29.36,28.43,74,28.98,29.12,29.18,28.75
SFM,29.16,28.68,28.99,29.55,28.62,75,29.14,28.47,29.36,28.43
SFM,28.0,27.8,29.7,28.99,27.32,76,29.16,28.68,29.55,28.62
SFM,29.28,29.19,29.2886,29.7,27.28,77,28.0,27.8,28.99,27.32
SFM,29.2,28.48,29.55,29.2886,28.24,78,29.28,29.19,29.7,27.28
SFM,28.74,28.39,29.51,29.55,28.16,79,29.2,28.48,29.2886,28.24
SFM,28.19,29.28,31.64,29.51,28.1,80,28.74,28.39,29.55,28.16
SFM,29.63,31.44,33.89,31.64,29.55,81,28.19,29.28,29.51,28.1
SFM,31.41,33.62,34.97,33.89,31.26,82,29.63,31.44,31.64,29.55
SFM,32.79,33.59,33.68,34.97,32.61,83,31.41,33.62,33.89,31.26
SFM,32.93,31.49,31.55,33.68,31.48,84,32.79,33.59,34.97,32.61
SFM,31.31,30.89,32.505,31.55,29.78,85,32.93,31.49,33.68,31.48
SFM,30.96,32.33,32.64,32.505,30.83,86,31.31,30.89,31.55,29.78
SFM,32.05,31.01,31.555,32.64,30.97,87,30.96,32.33,32.505,30.83
SFM,30.8,31.14,31.519,31.555,30.17,88,32.05,31.01,32.64,30.97
SFM,30.97,31.47,31.37,31.519,30.53,89,30.8,31.14,31.555,30.17
