Tckr
NNDM
VISL
CIFR
IDEX
RIOT
AHPI
PHUN
DLPN
ATOS
LHDX
JAGX
RETO
TAOP
GEVO
BTU
UPST
TOPS
EBON
CAN
HJLI
AUUD
PTIX
NETE
MOSY
STAF
FTFT
AEHL
CLEU
PMCB
LIDR
RNAZ
DNA
BTCM
MARK
WEI
TRKA
TLGT
BOXL
NOVN
AUVI
MICT
GRVI
VXRT
WKEY
HUSN
AMPY
PDSB
RCAT
MOGO
FUV
