Ticker,opening,closing,NextHigh,high,low,day,PrevOpening,PrevClosing,PrevHigh,PrevLow
SSRM,17.22,17.495,17.7017,17.5,16.88,1,17.4,17.11,17.82,17.01
SSRM,17.67,17.39,17.66,17.7017,17.34,2,17.22,17.495,17.5,16.88
SSRM,17.48,17.66,18.72,17.66,17.225,3,17.67,17.39,17.7017,17.34
SSRM,18.04,18.47,19.535,18.72,18.04,4,17.48,17.66,17.66,17.225
SSRM,18.88,19.39,19.7,19.535,18.705,5,18.04,18.47,18.72,18.04
SSRM,19.07,19.69,19.93,19.7,19.01,6,18.88,19.39,19.535,18.705
SSRM,19.63,19.93,20.005,19.93,19.43,7,19.07,19.69,19.7,19.01
SSRM,19.84,19.61,20.055,20.005,19.47,8,19.63,19.93,19.93,19.43
SSRM,19.73,19.78,19.91,20.055,19.65,9,19.84,19.61,20.005,19.47
SSRM,19.64,19.89,20.05,19.91,19.47,10,19.73,19.78,20.055,19.65
SSRM,19.7,19.47,19.36,20.05,19.47,11,19.64,19.89,19.91,19.47
SSRM,19.04,19.15,19.17,19.36,18.47,12,19.7,19.47,20.05,19.47
SSRM,18.65,18.58,18.61,19.17,18.35,13,19.04,19.15,19.36,18.47
SSRM,18.52,18.53,18.66,18.61,18.18,14,18.65,18.58,19.17,18.35
SSRM,18.66,18.09,18.235,18.66,17.675,15,18.52,18.53,18.61,18.18
SSRM,17.89,18.17,18.61,18.235,17.7,16,18.66,18.09,18.66,17.675
SSRM,18.31,18.17,18.57,18.61,17.875,17,17.89,18.17,18.235,17.7
SSRM,18.3,17.7,17.7,18.57,17.605,18,18.31,18.17,18.61,17.875
SSRM,17.45,17.25,17.38,17.7,17.075,19,18.3,17.7,18.57,17.605
SSRM,17.25,17.27,17.53,17.38,16.99,20,17.45,17.25,17.7,17.075
SSRM,17.14,17.51,17.94,17.53,16.905,21,17.25,17.27,17.38,16.99
SSRM,17.54,17.79,17.9,17.94,17.46,22,17.14,17.51,17.53,16.905
SSRM,17.8,17.62,17.39,17.9,17.42,23,17.54,17.79,17.94,17.46
SSRM,17.33,17.17,17.44,17.39,16.93,24,17.8,17.62,17.9,17.42
SSRM,17.32,16.96,17.0,17.44,16.9,25,17.33,17.17,17.39,16.93
SSRM,16.96,16.79,16.765,17.0,16.71,26,17.32,16.96,17.44,16.9
SSRM,16.52,16.44,16.35,16.765,16.3003,27,16.96,16.79,17.0,16.71
SSRM,16.3,16.2,17.29,16.35,15.77,28,16.52,16.44,16.765,16.3003
SSRM,16.45,17.22,17.46,17.29,16.44,29,16.3,16.2,16.35,15.77
SSRM,17.31,17.0,16.97,17.46,16.81,30,16.45,17.22,17.29,16.44
SSRM,16.96,16.96,17.555,16.97,16.62,31,17.31,17.0,17.46,16.81
SSRM,17.2,17.44,17.72,17.555,17.03,32,16.96,16.96,16.97,16.62
SSRM,17.45,17.69,17.855,17.72,17.17,33,17.2,17.44,17.555,17.03
SSRM,17.69,17.69,17.83,17.855,17.47,34,17.45,17.69,17.72,17.17
SSRM,17.57,17.67,17.93,17.83,17.54,35,17.69,17.69,17.855,17.47
SSRM,17.69,17.6,17.66,17.93,17.6,36,17.57,17.67,17.83,17.54
SSRM,17.49,17.31,17.675,17.66,17.245,37,17.69,17.6,17.93,17.6
SSRM,17.41,17.54,17.73,17.675,17.32,38,17.49,17.31,17.66,17.245
SSRM,17.58,17.7,17.47,17.73,17.49,39,17.41,17.54,17.675,17.32
SSRM,17.41,17.16,17.69,17.47,17.14,40,17.58,17.7,17.73,17.49
SSRM,17.27,17.43,17.8708,17.69,17.03,41,17.41,17.16,17.47,17.14
SSRM,17.66,16.99,16.77,17.8708,16.965,42,17.27,17.43,17.69,17.03
SSRM,16.56,16.41,16.52,16.77,16.29,43,17.66,16.99,17.8708,16.965
SSRM,16.42,16.35,16.67,16.52,16.1,44,16.56,16.41,16.77,16.29
SSRM,16.23,16.67,17.03,16.67,15.98,45,16.42,16.35,16.52,16.1
SSRM,16.7,17.02,17.28,17.03,16.41,46,16.23,16.67,16.67,15.98
SSRM,17.18,17.27,17.27,17.28,16.9,47,16.7,17.02,17.03,16.41
SSRM,17.18,16.79,16.91,17.27,16.775,48,17.18,17.27,17.28,16.9
SSRM,16.74,16.44,16.75,16.91,16.265,49,17.18,16.79,17.27,16.775
SSRM,16.35,16.33,17.69,16.75,16.17,50,16.74,16.44,16.91,16.265
SSRM,16.63,17.62,17.87,17.69,16.59,51,16.35,16.33,16.75,16.17
SSRM,17.83,17.28,17.455,17.87,17.27,52,16.63,17.62,17.69,16.59
SSRM,17.3,17.06,16.9,17.455,16.97,53,17.83,17.28,17.87,17.27
SSRM,16.83,16.75,17.27,16.9,16.165,54,17.3,17.06,17.455,16.97
SSRM,16.57,17.2,17.36,17.27,16.42,55,16.83,16.75,16.9,16.165
SSRM,16.95,16.59,16.5709,17.36,16.45,56,16.57,17.2,17.27,16.42
SSRM,16.18,16.19,16.06,16.5709,16.1101,57,16.95,16.59,17.36,16.45
SSRM,15.92,15.98,16.49,16.06,15.715,58,16.18,16.19,16.5709,16.1101
SSRM,16.07,16.48,16.92,16.49,15.9699,59,15.92,15.98,16.06,15.715
SSRM,16.75,16.69,16.99,16.92,16.41,60,16.07,16.48,16.49,15.9699
SSRM,16.81,16.53,16.56,16.99,16.505,61,16.75,16.69,16.92,16.41
SSRM,16.48,16.16,16.55,16.56,16.11,62,16.81,16.53,16.99,16.505
SSRM,16.03,16.34,17.07,16.55,16.01,63,16.48,16.16,16.56,16.11
SSRM,16.52,16.92,17.24,17.07,16.39,64,16.03,16.34,16.55,16.01
SSRM,16.9,17.24,17.32,17.24,16.79,65,16.52,16.92,17.07,16.39
SSRM,17.27,16.92,17.18,17.32,16.89,66,16.9,17.24,17.24,16.79
SSRM,16.8,16.47,17.78,17.18,16.39,67,17.27,16.92,17.32,16.89
SSRM,16.47,17.65,18.2,17.78,16.45,68,16.8,16.47,17.18,16.39
SSRM,17.76,18.04,17.7,18.2,17.66,69,16.47,17.65,17.78,16.45
SSRM,17.42,17.66,18.135,17.7,17.03,70,17.76,18.04,18.2,17.66
SSRM,17.87,18.05,18.745,18.135,17.77,71,17.42,17.66,17.7,17.03
SSRM,18.27,18.57,18.61,18.745,18.11,72,17.87,18.05,18.135,17.77
SSRM,18.58,18.5,18.59,18.61,18.215,73,18.27,18.57,18.745,18.11
SSRM,18.4,18.13,19.97,18.59,17.89,74,18.58,18.5,18.61,18.215
SSRM,18.04,19.88,20.37,19.97,17.91,75,18.4,18.13,18.59,17.89
SSRM,20.05,19.57,19.825,20.37,19.13,76,18.04,19.88,19.97,17.91
SSRM,19.28,19.76,19.96,19.825,19.2,77,20.05,19.57,20.37,19.13
SSRM,19.91,19.77,20.96,19.96,19.4,78,19.28,19.76,19.825,19.2
SSRM,19.95,20.72,20.685,20.96,19.905,79,19.91,19.77,19.96,19.4
SSRM,20.4,20.58,20.68,20.685,20.12,80,19.95,20.72,20.96,19.905
SSRM,20.55,20.68,21.085,20.68,20.07,81,20.4,20.58,20.685,20.12
SSRM,20.72,20.89,21.36,21.085,20.46,82,20.55,20.68,20.68,20.07
SSRM,20.91,21.19,22.11,21.36,20.475,83,20.72,20.89,21.085,20.46
SSRM,21.38,21.35,21.605,22.11,20.685,84,20.91,21.19,21.36,20.475
SSRM,20.34,21.58,22.36,21.605,20.21,85,21.38,21.35,22.11,20.685
SSRM,21.6,22.18,22.455,22.36,21.6,86,20.34,21.58,21.605,20.21
SSRM,21.44,22.26,22.09,22.455,21.41,87,21.6,22.18,22.36,21.6
SSRM,21.75,21.25,21.47,22.09,20.944,88,21.44,22.26,22.455,21.41
SSRM,20.59,21.23,21.19,21.47,20.51,89,21.75,21.25,22.09,20.944
DAL,43.5,44.29,45.52,44.415,43.26,1,41.42,40.99,41.4899,40.58
DAL,44.88,44.65,44.57,45.52,44.5,2,43.5,44.29,44.415,43.26
DAL,44.4,44.53,44.47,44.57,43.72,3,44.88,44.65,45.52,44.5
DAL,43.83,43.71,44.235,44.47,43.53,4,44.4,44.53,44.57,43.72
DAL,43.78,43.45,43.53,44.235,43.45,5,43.83,43.71,44.47,43.53
DAL,43.47,42.22,42.94,43.53,41.87,6,43.78,43.45,44.235,43.45
DAL,42.62,42.38,42.19,42.94,42.14,7,43.47,42.22,43.53,41.87
DAL,42.1,41.04,41.25,42.19,40.9,8,42.62,42.38,42.94,42.14
DAL,40.92,40.71,40.77,41.25,40.3,9,42.1,41.04,42.19,40.9
DAL,40.76,40.12,39.93,40.77,39.435,10,40.92,40.71,41.25,40.3
DAL,39.81,39.69,40.19,39.93,38.885,11,40.76,40.12,40.77,39.435
DAL,39.85,39.77,40.58,40.19,39.22,12,39.81,39.69,39.93,38.885
DAL,40.23,39.53,40.07,40.58,39.25,13,39.85,39.77,40.19,39.22
DAL,39.2,39.69,36.95,40.07,38.92,14,40.23,39.53,40.58,39.25
DAL,36.745,36.38,37.35,36.95,34.6,15,39.2,39.69,40.07,38.92
DAL,37.05,36.24,36.29,37.35,35.97,16,36.745,36.38,36.95,34.6
DAL,35.6,36.2,37.34,36.29,35.215,17,37.05,36.24,37.35,35.97
DAL,36.99,33.53,36.67,37.34,33.4,18,35.6,36.2,36.29,35.215
DAL,34.3,36.64,37.6799,36.67,33.7601,19,36.99,33.53,37.34,33.4
DAL,36.27,35.98,39.33,37.6799,35.35,20,34.3,36.64,36.67,33.7601
DAL,37.33,38.14,39.13,39.33,37.0108,21,36.27,35.98,37.6799,35.35
DAL,38.61,38.04,39.89,39.13,37.77,22,37.33,38.14,39.33,37.0108
DAL,38.41,38.88,38.8482,39.89,38.03,23,38.61,38.04,39.13,37.77
DAL,38.09,38.5,38.46,38.8482,38.0,24,38.41,38.88,39.89,38.03
DAL,38.16,38.18,37.62,38.46,37.59,25,38.09,38.5,38.8482,38.0
DAL,37.36,36.87,37.53,37.62,36.42,26,38.16,38.18,38.46,37.59
DAL,36.65,36.53,36.8,37.53,36.42,27,37.36,36.87,37.62,36.42
DAL,36.56,36.61,37.6899,36.8,35.54,28,36.65,36.53,37.53,36.42
DAL,37.5,35.8,37.245,37.6899,35.66,29,36.56,36.61,36.8,35.54
DAL,36.0,36.56,37.25,37.245,35.59,30,37.5,35.8,37.6899,35.66
DAL,35.55,36.37,38.82,37.25,35.39,31,36.0,36.56,37.245,35.59
DAL,36.82,38.52,39.47,38.82,36.76,32,35.55,36.37,37.25,35.39
DAL,38.56,39.13,39.89,39.47,38.17,33,36.82,38.52,38.82,36.76
DAL,39.7,39.3,39.18,39.89,38.995,34,38.56,39.13,39.47,38.17
DAL,38.18,39.0,39.834,39.18,37.86,35,39.7,39.3,39.89,38.995
DAL,38.59,39.63,39.49,39.834,38.52,36,38.18,39.0,39.18,37.86
DAL,39.36,39.16,39.74,39.49,38.99,37,38.59,39.63,39.834,38.52
DAL,39.055,39.04,39.46,39.74,39.02,38,39.36,39.16,39.49,38.99
DAL,39.02,39.08,41.03,39.46,38.925,39,39.055,39.04,39.74,39.02
DAL,39.79,40.29,41.2758,41.03,39.635,40,39.02,39.08,39.46,38.925
DAL,41.02,40.59,41.28,41.2758,40.325,41,39.79,40.29,41.03,39.635
DAL,40.94,40.28,41.11,41.28,40.15,42,41.02,40.59,41.2758,40.325
DAL,40.785,40.11,41.97,41.11,39.74,43,40.94,40.28,41.28,40.15
DAL,40.65,41.51,41.8,41.97,40.44,44,40.785,40.11,41.11,39.74
DAL,41.56,40.63,41.5298,41.8,40.1905,45,40.65,41.51,41.97,40.44
DAL,40.63,41.23,41.5898,41.5298,40.44,46,41.56,40.63,41.8,40.1905
DAL,41.32,40.61,42.54,41.5898,40.555,47,40.63,41.23,41.5298,40.44
DAL,41.01,41.47,40.86,42.54,40.45,48,41.32,40.61,41.5898,40.555
DAL,40.7,40.31,40.435,40.86,39.55,49,41.01,41.47,42.54,40.45
DAL,39.77,39.54,39.8,40.435,39.44,50,40.7,40.31,40.86,39.55
DAL,39.5,38.82,40.16,39.8,38.73,51,39.77,39.54,40.435,39.44
DAL,39.05,38.84,38.83,40.16,38.76,52,39.5,38.82,39.8,38.73
DAL,38.76,37.86,37.93,38.83,37.36,53,39.05,38.84,40.16,38.76
DAL,36.95,37.91,38.87,37.93,35.875,54,38.76,37.86,38.83,37.36
DAL,37.55,38.72,39.96,38.87,37.3,55,36.95,37.91,37.93,35.875
DAL,39.28,38.76,40.03,39.96,38.34,56,37.55,38.72,38.87,37.3
DAL,39.18,38.34,38.39,40.03,38.03,57,39.28,38.76,39.96,38.34
DAL,38.18,38.28,39.72,38.39,36.77,58,39.18,38.34,40.03,38.03
DAL,37.84,39.69,40.57,39.72,37.658,59,38.18,38.28,38.39,36.77
DAL,39.77,40.49,40.9599,40.57,39.5669,60,37.84,39.69,39.72,37.658
DAL,40.08,40.52,40.6,40.9599,39.7299,61,39.77,40.49,40.57,39.5669
DAL,39.98,39.73,40.085,40.6,39.68,62,40.08,40.52,40.9599,39.7299
DAL,39.6,39.85,41.29,40.085,39.09,63,39.98,39.73,40.6,39.68
DAL,40.48,40.94,42.715,41.29,40.425,64,39.6,39.85,40.085,39.09
DAL,41.25,42.61,44.505,42.715,41.0,65,40.48,40.94,41.29,40.425
DAL,42.92,43.88,44.73,44.505,42.85,66,41.25,42.61,42.715,41.0
DAL,43.5,43.9,44.8,44.73,43.31,67,42.92,43.88,44.505,42.85
DAL,43.91,42.33,43.25,44.8,41.92,68,43.5,43.9,44.73,43.31
DAL,42.4,41.97,44.75,43.25,41.705,69,43.91,42.33,44.8,41.92
DAL,43.5,44.49,45.14,44.75,43.33,70,42.4,41.97,43.25,41.705
DAL,44.08,44.41,44.13,45.14,43.98,71,43.5,44.49,44.75,43.33
DAL,43.8,43.31,43.675,44.13,42.945,72,44.08,44.41,45.14,43.98
DAL,43.2,42.84,42.84,43.675,42.7,73,43.8,43.31,44.13,42.945
DAL,41.705,41.89,42.39,42.84,41.435,74,43.2,42.84,43.675,42.7
DAL,42.3,40.19,40.49,42.39,40.11,75,41.705,41.89,42.84,41.435
DAL,37.62,40.33,41.995,40.49,37.47,76,42.3,40.19,42.39,40.11
DAL,41.0,41.54,40.36,41.995,40.6412,77,37.62,40.33,40.49,37.47
DAL,40.02,39.92,39.59,40.36,39.02,78,41.0,41.54,41.995,40.6412
DAL,39.4,37.64,38.775,39.59,37.375,79,40.02,39.92,40.36,39.02
DAL,38.48,38.04,38.74,38.775,37.85,80,39.4,37.64,39.59,37.375
DAL,38.5,36.56,35.87,38.74,36.38,81,38.48,38.04,38.775,37.85
DAL,35.51,34.52,34.2,35.87,34.165,82,38.5,36.56,38.74,36.38
DAL,34.07,30.11,32.74,34.2,29.98,83,35.51,34.52,35.87,34.165
DAL,30.785,31.22,33.78,32.74,29.75,84,34.07,30.11,34.2,29.98
DAL,32.9,32.76,33.41,33.78,32.555,85,30.785,31.22,32.74,29.75
DAL,32.0,32.55,33.4,33.41,31.52,86,32.9,32.76,33.78,32.555
DAL,33.22,32.07,33.2,33.4,32.01,87,32.0,32.55,33.41,31.52
DAL,32.07,32.07,35.47,33.2,31.65,88,33.22,32.07,33.4,32.01
DAL,34.59,34.86,36.945,35.47,33.99,89,32.07,32.07,33.2,31.65
FIVN,152.24,147.94,149.545,153.24,145.69,1,157.4,153.26,158.845,153.11
FIVN,148.89,145.25,168.56,149.545,144.55,2,152.24,147.94,153.24,145.69
FIVN,159.53,166.27,168.5,168.56,158.8,3,148.89,145.25,149.545,144.55
FIVN,166.16,162.42,163.98,168.5,158.85,4,159.53,166.27,168.56,158.8
FIVN,162.51,160.55,163.18,163.98,159.84,5,166.16,162.42,168.5,158.85
FIVN,162.1,160.65,163.1,163.18,159.5,6,162.51,160.55,163.98,159.84
FIVN,159.57,161.72,167.855,163.1,159.0,7,162.1,160.65,163.18,159.5
FIVN,162.26,166.52,167.9,167.855,161.9,8,159.57,161.72,163.1,159.0
FIVN,166.52,165.32,164.82,167.9,164.35,9,162.26,166.52,167.855,161.9
FIVN,164.04,158.16,159.1,164.82,156.185,10,166.52,165.32,167.9,164.35
FIVN,159.0,150.0,150.0,159.1,147.39,11,164.04,158.16,164.82,156.185
FIVN,150.01,139.39,138.5,150.0,138.72,12,159.0,150.0,159.1,147.39
FIVN,138.0,134.84,138.98,138.5,132.63,13,150.01,139.39,150.0,138.72
FIVN,132.87,138.26,144.65,138.98,131.7,14,138.0,134.84,138.5,132.63
FIVN,139.97,141.99,143.18,144.65,138.73,15,132.87,138.26,138.98,131.7
FIVN,142.05,142.43,144.065,143.18,137.12,16,139.97,141.99,144.65,138.73
FIVN,143.0,142.33,146.46,144.065,137.45,17,142.05,142.43,143.18,137.12
FIVN,142.51,137.84,142.0,146.46,137.65,18,143.0,142.33,144.065,137.45
FIVN,137.0,136.78,135.8,142.0,135.79,19,142.51,137.84,146.46,137.65
FIVN,135.95,128.6,131.66,135.8,122.33,20,137.0,136.78,142.0,135.79
FIVN,126.02,131.45,142.41,131.66,122.83,21,135.95,128.6,135.8,122.33
FIVN,134.74,140.05,143.44,142.41,134.1,22,126.02,131.45,131.66,122.83
FIVN,138.79,142.05,144.63,143.44,137.25,23,134.74,140.05,142.41,134.1
FIVN,142.05,135.55,137.99,144.63,133.39,24,138.79,142.05,143.44,137.25
FIVN,135.78,132.05,134.0,137.99,131.72,25,142.05,135.55,144.63,133.39
FIVN,132.51,129.54,128.92,134.0,127.1,26,135.78,132.05,137.99,131.72
FIVN,126.98,128.25,131.989,128.92,124.63,27,132.51,129.54,134.0,127.1
FIVN,127.13,131.67,133.2,131.989,124.2188,28,126.98,128.25,128.92,124.63
FIVN,131.75,129.88,137.18,133.2,128.06,29,127.13,131.67,131.989,124.2188
FIVN,128.99,136.54,142.28,137.18,128.015,30,131.75,129.88,133.2,128.06
FIVN,135.64,139.46,142.51,142.28,134.17,31,128.99,136.54,137.18,128.015
FIVN,140.74,140.2,142.88,142.51,135.5,32,135.64,139.46,142.28,134.17
FIVN,140.67,141.91,142.26,142.88,139.87,33,140.74,140.2,142.51,135.5
FIVN,141.86,139.93,140.65,142.26,139.1,34,140.67,141.91,142.88,139.87
FIVN,140.23,137.3,138.65,140.65,136.28,35,141.86,139.93,142.26,139.1
FIVN,138.01,134.92,137.83,138.65,134.19,36,140.23,137.3,140.65,136.28
FIVN,134.33,137.8,142.36,137.83,132.78,37,138.01,134.92,138.65,134.19
FIVN,138.5,139.64,139.93,142.36,137.745,38,134.33,137.8,137.83,132.78
FIVN,138.88,137.32,139.63,139.93,136.78,39,138.5,139.64,142.36,137.745
FIVN,137.52,138.95,138.84,139.63,132.715,40,138.88,137.32,139.93,136.78
FIVN,137.04,136.96,140.44,138.84,130.9,41,137.52,138.95,139.63,132.715
FIVN,134.22,133.22,144.24,140.44,133.0,42,137.04,136.96,138.84,130.9
FIVN,134.15,134.79,138.04,144.24,132.06,43,134.22,133.22,140.44,133.0
FIVN,135.22,134.02,137.56,138.04,132.13,44,134.15,134.79,144.24,132.06
FIVN,130.16,137.26,141.11,137.56,128.77,45,135.22,134.02,138.04,132.13
FIVN,137.56,138.37,141.18,141.11,136.0,46,130.16,137.26,137.56,128.77
FIVN,138.79,133.12,134.12,141.18,131.862,47,137.56,138.37,141.11,136.0
FIVN,133.94,125.36,129.91,134.12,125.33,48,138.79,133.12,141.18,131.862
FIVN,125.45,128.36,131.39,129.91,125.34,49,133.94,125.36,134.12,125.33
FIVN,125.0,125.1,130.64,131.39,124.02,50,125.45,128.36,129.91,125.34
FIVN,125.35,127.92,132.6,130.64,124.6,51,125.0,125.1,131.39,124.02
FIVN,129.61,124.93,125.68,132.6,123.165,52,125.35,127.92,130.64,124.6
FIVN,124.3,121.88,128.9,125.68,118.72,53,129.61,124.93,132.6,123.165
FIVN,118.61,128.14,126.505,128.9,117.1,54,124.3,121.88,125.68,118.72
FIVN,125.04,119.46,124.9,126.505,117.2284,55,118.61,128.14,128.9,117.1
FIVN,123.95,117.93,122.22,124.9,116.29,56,125.04,119.46,126.505,117.2284
FIVN,119.27,118.48,120.6,122.22,116.79,57,123.95,117.93,124.9,116.29
FIVN,118.7,120.6,126.33,120.6,114.37,58,119.27,118.48,122.22,116.79
FIVN,121.81,125.7,128.4796,126.33,119.79,59,118.7,120.6,120.6,114.37
FIVN,127.76,126.97,127.801,128.4796,122.06,60,121.81,125.7,126.33,119.79
FIVN,127.71,124.72,127.38,127.801,121.5,61,127.76,126.97,128.4796,122.06
FIVN,121.43,122.98,126.0,127.38,120.93,62,127.71,124.72,127.801,121.5
FIVN,122.6,124.98,129.04,126.0,121.535,63,121.43,122.98,127.38,120.93
FIVN,124.91,125.03,131.07,129.04,123.91,64,122.6,124.98,126.0,121.535
FIVN,124.75,130.72,133.56,131.07,123.19,65,124.91,125.03,129.04,123.91
FIVN,131.92,132.83,136.04,133.56,129.97,66,124.75,130.72,131.07,123.19
FIVN,130.44,133.88,136.52,136.04,129.6,67,131.92,132.83,133.56,129.97
FIVN,135.76,130.73,137.74,136.52,129.16,68,130.44,133.88,136.04,129.6
FIVN,129.05,135.95,138.34,137.74,128.7,69,135.76,130.73,136.52,129.16
FIVN,137.99,136.72,135.03,138.34,133.92,70,129.05,135.95,137.74,128.7
FIVN,135.03,130.23,129.91,135.03,128.56,71,137.99,136.72,138.34,133.92
FIVN,128.6,122.7,123.545,129.91,121.4893,72,135.03,130.23,135.03,128.56
FIVN,122.73,115.09,119.41,123.545,114.71,73,128.6,122.7,129.91,121.4893
FIVN,113.54,114.35,115.56,119.41,113.09,74,122.73,115.09,123.545,114.71
FIVN,114.28,104.14,110.36,115.56,103.59,75,113.54,114.35,119.41,113.09
FIVN,90.5,107.09,107.42,110.36,90.01,76,114.28,104.14,115.56,103.59
FIVN,106.17,106.93,112.19,107.42,101.37,77,90.5,107.09,110.36,90.01
FIVN,107.21,110.0,112.12,112.19,106.88,78,106.17,106.93,107.42,101.37
FIVN,109.35,107.54,109.815,112.12,107.165,79,107.21,110.0,112.19,106.88
FIVN,107.72,109.07,108.7,109.815,105.49,80,109.35,107.54,112.12,107.165
FIVN,108.44,102.79,103.52,108.7,101.6431,81,107.72,109.07,109.815,105.49
FIVN,103.24,97.42,99.68,103.52,96.755,82,108.44,102.79,108.7,101.6431
FIVN,100.0,91.4,93.63,99.68,90.98,83,103.24,97.42,103.52,96.755
FIVN,90.34,91.82,96.95,93.63,87.24,84,100.0,91.4,99.68,90.98
FIVN,93.55,94.43,92.98,96.95,93.13,85,90.34,91.82,93.63,87.24
FIVN,92.94,91.41,92.3,92.98,89.8,86,93.55,94.43,96.95,93.13
FIVN,92.3,87.38,88.48,92.3,86.42,87,92.94,91.41,92.98,89.8
FIVN,86.36,83.12,85.93,88.48,80.52,88,92.3,87.38,92.3,86.42
FIVN,85.23,85.03,93.41,85.93,82.5,89,86.36,83.12,88.48,80.52
GFI,9.34,9.33,9.45,9.37,9.1401,1,9.49,9.22,9.595,9.22
GFI,9.44,9.44,9.54,9.45,9.3,2,9.34,9.33,9.37,9.1401
GFI,9.47,9.54,10.16,9.54,9.315,3,9.44,9.44,9.45,9.3
GFI,9.95,9.91,10.7,10.16,9.8,4,9.47,9.54,9.54,9.315
GFI,10.53,10.51,10.58,10.7,10.3,5,9.95,9.91,10.16,9.8
GFI,10.44,10.52,10.8,10.58,10.37,6,10.53,10.51,10.7,10.3
GFI,10.6,10.76,11.11,10.8,10.545,7,10.44,10.52,10.58,10.37
GFI,10.96,10.82,11.22,11.11,10.71,8,10.6,10.76,10.8,10.545
GFI,10.95,10.98,10.96,11.22,10.93,9,10.96,10.82,11.11,10.71
GFI,10.83,10.83,10.97,10.96,10.77,10,10.95,10.98,11.22,10.93
GFI,10.85,10.84,10.98,10.97,10.82,11,10.83,10.83,10.96,10.77
GFI,10.75,10.88,10.96,10.98,10.58,12,10.85,10.84,10.97,10.82
GFI,10.9,10.88,10.79,10.96,10.73,13,10.75,10.88,10.98,10.58
GFI,10.74,10.62,10.79,10.79,10.455,14,10.9,10.88,10.96,10.73
GFI,10.77,10.69,10.935,10.79,10.45,15,10.74,10.62,10.79,10.455
GFI,10.735,10.92,11.785,10.935,10.595,16,10.77,10.69,10.79,10.45
GFI,11.62,11.34,11.77,11.785,11.275,17,10.735,10.92,10.935,10.595
GFI,11.76,11.0,11.155,11.77,10.985,18,11.62,11.34,11.785,11.275
GFI,11.04,10.93,11.12,11.155,10.765,19,11.76,11.0,11.77,10.985
GFI,11.04,11.0,11.03,11.12,10.77,20,11.04,10.93,11.155,10.765
GFI,11.02,10.86,10.81,11.03,10.81,21,11.04,11.0,11.12,10.77
GFI,10.79,10.38,10.445,10.81,10.26,22,11.02,10.86,11.03,10.81
GFI,10.38,10.39,10.41,10.445,10.27,23,10.79,10.38,10.81,10.26
GFI,10.39,10.21,10.24,10.41,10.125,24,10.38,10.39,10.445,10.27
GFI,10.21,9.79,9.98,10.24,9.7,25,10.39,10.21,10.41,10.125
GFI,9.9,9.84,10.09,9.98,9.78,26,10.21,9.79,10.24,9.7
GFI,9.87,10.01,10.035,10.09,9.74,27,9.9,9.84,9.98,9.78
GFI,10.03,9.93,10.415,10.035,9.715,28,9.87,10.01,10.09,9.74
GFI,10.01,10.4,10.74,10.415,9.99,29,10.03,9.93,10.035,9.715
GFI,10.61,10.41,10.45,10.74,10.285,30,10.01,10.4,10.415,9.99
GFI,10.44,10.34,10.65,10.45,10.245,31,10.61,10.41,10.74,10.285
GFI,10.55,10.59,10.63,10.65,10.285,32,10.44,10.34,10.45,10.245
GFI,10.58,10.59,10.65,10.63,10.4001,33,10.55,10.59,10.65,10.285
GFI,10.51,10.58,10.71,10.65,10.375,34,10.58,10.59,10.63,10.4001
GFI,10.48,10.69,10.835,10.71,10.39,35,10.51,10.58,10.65,10.375
GFI,10.69,10.54,10.835,10.835,10.515,36,10.48,10.69,10.71,10.39
GFI,10.5,10.74,10.96,10.835,10.46,37,10.69,10.54,10.835,10.515
GFI,10.78,10.96,11.06,10.96,10.7,38,10.5,10.74,10.835,10.46
GFI,10.99,10.99,10.845,11.06,10.82,39,10.78,10.96,10.96,10.7
GFI,10.8,10.61,10.78,10.845,10.6,40,10.99,10.99,11.06,10.82
GFI,10.63,10.49,10.795,10.78,10.46,41,10.8,10.61,10.845,10.6
GFI,10.64,10.29,10.075,10.795,10.26,42,10.63,10.49,10.78,10.46
GFI,10.06,9.99,10.19,10.075,9.8925,43,10.64,10.29,10.795,10.26
GFI,10.1,10.18,10.3,10.19,10.0,44,10.06,9.99,10.075,9.8925
GFI,10.09,10.29,10.6,10.3,10.005,45,10.1,10.18,10.19,10.0
GFI,10.41,10.6,10.95,10.6,10.29,46,10.09,10.29,10.3,10.005
GFI,10.79,10.92,10.8774,10.95,10.6736,47,10.41,10.6,10.6,10.29
GFI,10.81,10.68,10.695,10.8774,10.68,48,10.79,10.92,10.95,10.6736
GFI,10.64,10.51,10.31,10.695,10.465,49,10.81,10.68,10.8774,10.68
GFI,10.12,9.84,11.19,10.31,9.76,50,10.64,10.51,10.695,10.465
GFI,10.05,11.1,11.265,11.19,9.995,51,10.12,9.84,10.31,9.76
GFI,11.15,10.92,11.18,11.265,10.9,52,10.05,11.1,11.19,9.995
GFI,11.1,10.93,10.97,11.18,10.86,53,11.15,10.92,11.265,10.9
GFI,10.9,10.94,11.39,10.97,10.505,54,11.1,10.93,11.18,10.86
GFI,10.94,11.33,11.3025,11.39,10.815,55,10.9,10.94,10.97,10.505
GFI,11.12,10.75,10.44,11.3025,10.6,56,10.94,11.33,11.39,10.815
GFI,10.24,10.07,10.065,10.44,9.935,57,11.12,10.75,11.3025,10.6
GFI,9.96,10.0,10.61,10.065,9.85,58,10.24,10.07,10.44,9.935
GFI,10.27,10.6,10.84,10.61,10.195,59,9.96,10.0,10.065,9.85
GFI,10.8,10.62,10.74,10.84,10.43,60,10.27,10.6,10.61,10.195
GFI,10.62,10.55,10.58,10.74,10.52,61,10.8,10.62,10.84,10.43
GFI,10.46,10.32,10.63,10.58,10.295,62,10.62,10.55,10.74,10.52
GFI,10.28,10.44,10.84,10.63,10.27,63,10.46,10.32,10.58,10.295
GFI,10.49,10.76,11.18,10.84,10.3649,64,10.28,10.44,10.63,10.27
GFI,10.79,11.17,11.305,11.18,10.77,65,10.49,10.76,10.84,10.3649
GFI,11.1,11.21,11.36,11.305,11.04,66,10.79,11.17,11.18,10.77
GFI,11.17,10.84,11.66,11.36,10.77,67,11.1,11.21,11.305,11.04
GFI,10.91,11.4,12.34,11.66,10.86,68,11.17,10.84,11.36,10.77
GFI,11.92,12.28,11.8599,12.34,11.875,69,10.91,11.4,11.66,10.86
GFI,11.6,11.79,12.135,11.8599,11.47,70,11.92,12.28,12.34,11.875
GFI,11.83,12.08,12.86,12.135,11.735,71,11.6,11.79,11.8599,11.47
GFI,12.105,12.79,13.23,12.86,12.03,72,11.83,12.08,12.135,11.735
GFI,12.88,13.08,13.23,13.23,12.7,73,12.105,12.79,12.86,12.03
GFI,13.08,12.7,13.48,13.23,12.66,74,12.88,13.08,13.23,12.7
GFI,12.75,13.27,13.765,13.48,12.695,75,13.08,12.7,13.23,12.66
GFI,13.59,13.27,13.315,13.765,12.92,76,12.75,13.27,13.48,12.695
GFI,13.09,13.21,14.19,13.315,12.88,77,13.59,13.27,13.765,12.92
GFI,13.77,14.02,14.855,14.19,13.57,78,13.09,13.21,13.315,12.88
GFI,14.27,14.49,14.32,14.855,14.24,79,13.77,14.02,14.19,13.57
GFI,14.26,14.14,14.44,14.32,13.88,80,14.27,14.49,14.855,14.24
GFI,14.14,14.42,15.965,14.44,13.955,81,14.26,14.14,14.32,13.88
GFI,14.65,15.52,16.2,15.965,14.65,82,14.14,14.42,14.44,13.955
GFI,15.92,16.04,17.2,16.2,15.44,83,14.65,15.52,15.965,14.65
GFI,16.41,16.1,16.44,17.2,15.531,84,15.92,16.04,16.2,15.44
GFI,15.75,16.35,16.96,16.44,15.35,85,16.41,16.1,17.2,15.531
GFI,16.37,16.71,16.84,16.96,16.34,86,15.75,16.35,16.44,15.35
GFI,16.27,16.67,16.11,16.84,16.16,87,16.37,16.71,16.96,16.34
GFI,16.0,15.64,16.21,16.11,15.36,88,16.27,16.67,16.84,16.16
GFI,14.98,15.95,16.09,16.21,14.91,89,16.0,15.64,16.11,15.36
LNC,72.79,72.46,74.25,74.34,72.15,1,70.81,71.81,73.16,69.65
LNC,73.2,73.27,72.825,74.25,72.62,2,72.79,72.46,74.34,72.15
LNC,72.59,72.21,73.24,72.825,71.3,3,73.2,73.27,74.25,72.62
LNC,72.15,72.03,73.87,73.24,71.65,4,72.59,72.21,72.825,71.3
LNC,71.94,73.29,74.16,73.87,71.8,5,72.15,72.03,73.24,71.65
LNC,72.84,73.71,75.059,74.16,72.6,6,71.94,73.29,73.87,71.8
LNC,74.32,74.6,74.91,75.059,74.08,7,72.84,73.71,74.16,72.6
LNC,74.35,73.58,73.43,74.91,73.54,8,74.32,74.6,75.059,74.08
LNC,73.215,72.08,72.65,73.43,71.59,9,74.35,73.58,74.91,73.54
LNC,72.29,71.41,70.01,72.65,70.36,10,73.215,72.08,73.43,71.59
LNC,70.0,69.55,71.44,70.01,68.8473,11,72.29,71.41,72.65,70.36
LNC,70.43,70.45,72.18,71.44,69.8,12,70.0,69.55,70.01,68.8473
LNC,71.49,71.6,71.8,72.18,70.94,13,70.43,70.45,71.44,69.8
LNC,71.15,71.32,68.83,71.8,70.45,14,71.49,71.6,72.18,70.94
LNC,67.5,68.15,69.56,68.83,65.12,15,71.15,71.32,71.8,70.45
LNC,69.46,68.34,67.87,69.56,67.3,16,67.5,68.15,68.83,65.12
LNC,66.98,66.33,68.6,67.87,65.64,17,69.46,68.34,69.56,67.3
LNC,68.18,63.61,67.1,68.6,63.57,18,66.98,66.33,67.87,65.64
LNC,64.2,66.31,67.62,67.1,63.96,19,68.18,63.61,68.6,63.57
LNC,66.54,65.55,67.71,67.62,64.825,20,64.2,66.31,67.1,63.96
LNC,66.66,66.35,68.66,67.71,66.07,21,66.54,65.55,67.62,64.825
LNC,66.88,67.5,68.72,68.66,66.725,22,66.66,66.35,67.71,66.07
LNC,67.71,67.93,69.04,68.72,67.6,23,66.88,67.5,68.66,66.725
LNC,67.05,68.23,69.13,69.04,66.955,24,67.71,67.93,68.72,67.6
LNC,68.77,67.47,67.205,69.13,67.125,25,67.05,68.23,69.04,66.955
LNC,67.04,65.15,67.16,67.205,64.89,26,68.77,67.47,69.13,67.125
LNC,65.19,66.41,67.36,67.16,65.152,27,67.04,65.15,67.205,64.89
LNC,66.51,67.08,68.58,67.36,65.03,28,65.19,66.41,67.16,65.152
LNC,68.49,67.17,66.88,68.58,66.84,29,66.51,67.08,67.36,65.03
LNC,66.7,65.76,64.69,66.88,64.75,30,68.49,67.17,68.58,66.84
LNC,64.73,62.86,65.755,64.69,61.715,31,66.7,65.76,66.88,64.75
LNC,63.86,65.58,66.74,65.755,63.64,32,64.73,62.86,64.69,61.715
LNC,65.52,66.3,68.12,66.74,65.41,33,63.86,65.58,65.755,63.64
LNC,67.0,67.87,68.9,68.12,66.765,34,65.52,66.3,66.74,65.41
LNC,67.94,68.82,69.61,68.9,67.45,35,67.0,67.87,68.12,66.765
LNC,68.87,68.58,69.11,69.61,68.41,36,67.94,68.82,68.9,67.45
LNC,68.48,68.84,69.695,69.11,68.45,37,68.87,68.58,69.61,68.41
LNC,69.09,68.54,68.93,69.695,68.47,38,68.48,68.84,69.11,68.45
LNC,68.48,68.26,70.705,68.93,68.18,39,69.09,68.54,69.695,68.47
LNC,69.11,69.71,73.0,70.705,68.87,40,68.48,68.26,68.93,68.18
LNC,70.86,72.64,73.525,73.0,70.525,41,69.11,69.71,70.705,68.87
LNC,73.09,70.91,73.05,73.525,70.8001,42,70.86,72.64,73.0,70.525
LNC,72.45,72.59,73.66,73.05,70.92,43,73.09,70.91,73.525,70.8001
LNC,72.33,73.1,73.98,73.66,72.1,44,72.45,72.59,73.05,70.92
LNC,73.82,72.25,72.69,73.98,71.26,45,72.33,73.1,73.66,72.1
LNC,72.33,72.66,73.88,72.69,70.97,46,73.82,72.25,73.98,71.26
LNC,73.39,72.73,74.32,73.88,72.34,47,72.33,72.66,72.69,70.97
LNC,73.29,72.69,74.45,74.32,72.3,48,73.39,72.73,73.88,72.34
LNC,71.39,74.32,74.08,74.45,70.84,49,73.29,72.69,74.32,72.3
LNC,73.44,72.71,73.27,74.08,72.08,50,71.39,74.32,74.45,70.84
LNC,72.7,71.38,73.06,73.27,71.25,51,73.44,72.71,74.08,72.08
LNC,71.63,70.53,70.61,73.06,70.45,52,72.7,71.38,73.27,71.25
LNC,70.32,67.84,66.73,70.61,67.63,53,71.63,70.53,73.06,70.45
LNC,66.2,66.56,68.385,66.73,62.74,54,70.32,67.84,70.61,67.63
LNC,65.8,68.0,71.57,68.385,63.895,55,66.2,66.56,66.73,62.74
LNC,69.65,69.62,71.98,71.57,67.97,56,65.8,68.0,68.385,63.895
LNC,70.46,68.42,68.62,71.98,67.48,57,69.65,69.62,71.57,67.97
LNC,67.97,68.57,70.14,68.62,66.43,58,70.46,68.42,71.98,67.48
LNC,67.72,69.98,71.41,70.14,67.4,59,67.97,68.57,68.62,66.43
LNC,69.81,71.17,71.95,71.41,69.14,60,67.72,69.98,70.14,67.4
LNC,71.07,71.76,70.99,71.95,70.53,61,69.81,71.17,71.41,69.14
LNC,70.94,67.26,72.35,70.99,66.83,62,71.07,71.76,71.95,70.53
LNC,67.73,71.55,72.76,72.35,67.4,63,70.94,67.26,70.99,66.83
LNC,71.67,71.55,73.59,72.76,71.24,64,67.73,71.55,72.35,67.4
LNC,72.8,72.9,74.465,73.59,72.16,65,71.67,71.55,72.76,71.24
LNC,73.01,73.63,76.4,74.465,72.96,66,72.8,72.9,73.59,72.16
LNC,73.39,74.39,75.86,76.4,73.26,67,73.01,73.63,74.465,72.96
LNC,73.79,72.97,73.31,75.86,72.41,68,73.39,74.39,76.4,73.26
LNC,72.99,70.94,73.07,73.31,70.4,69,73.79,72.97,75.86,72.41
LNC,71.63,72.77,74.04,73.07,70.85,70,72.99,70.94,73.31,70.4
LNC,72.16,73.51,73.0,74.04,72.19,71,71.63,72.77,73.07,70.85
LNC,72.48,70.32,71.03,73.0,69.885,72,72.16,73.51,74.04,72.19
LNC,70.07,69.65,70.27,71.03,69.24,73,72.48,70.32,73.0,69.885
LNC,69.06,68.83,70.11,70.27,68.04,74,70.07,69.65,71.03,69.24
LNC,69.47,67.83,66.38,70.11,67.54,75,69.06,68.83,70.27,68.04
LNC,65.34,66.18,69.44,66.38,64.0,76,69.47,67.83,70.11,67.54
LNC,66.78,69.13,68.41,69.44,66.5,77,65.34,66.18,66.38,64.0
LNC,66.81,67.42,66.2,68.41,66.44,78,66.78,69.13,69.44,66.5
LNC,65.82,62.28,65.13,66.2,61.5,79,66.81,67.42,68.41,66.44
LNC,63.27,64.65,65.63,65.13,62.661,80,65.82,62.28,66.2,61.5
LNC,64.69,64.78,63.3,65.63,63.8,81,63.27,64.65,65.13,62.661
LNC,62.46,61.69,61.09,63.3,60.78,82,64.69,64.78,65.63,63.8
LNC,60.49,58.17,61.76,61.09,58.07,83,62.46,61.69,63.3,60.78
LNC,59.24,59.42,63.975,61.76,58.09,84,60.49,58.17,61.09,58.07
LNC,62.1,62.27,62.33,63.975,61.86,85,59.24,59.42,61.76,58.09
LNC,61.33,61.28,62.77,62.33,60.201,86,62.1,62.27,63.975,61.86
LNC,62.3,60.58,62.98,62.77,60.44,87,61.33,61.28,62.33,60.201
LNC,62.32,61.93,62.9,62.98,61.2,88,62.3,60.58,62.77,60.44
LNC,62.08,62.13,65.94,62.9,61.38,89,62.32,61.93,62.98,61.2
UA,22.36,21.34,21.43,22.46,21.11,1,22.48,22.11,22.995,21.885
UA,21.13,21.12,21.35,21.43,21.02,2,22.36,21.34,22.46,21.11
UA,21.03,21.13,21.635,21.35,20.89,3,21.13,21.12,21.43,21.02
UA,20.89,21.12,21.5,21.635,20.799,4,21.03,21.13,21.35,20.89
UA,21.15,21.14,21.675,21.5,21.04,5,20.89,21.12,21.635,20.799
UA,21.27,21.29,21.88,21.675,21.21,6,21.15,21.14,21.5,21.04
UA,21.42,21.87,22.65,21.88,21.39,7,21.27,21.29,21.675,21.21
UA,21.88,22.44,22.45,22.65,21.77,8,21.42,21.87,21.88,21.39
UA,22.39,22.22,22.68,22.45,21.93,9,21.88,22.44,22.65,21.77
UA,22.4,22.6,22.94,22.68,22.04,10,22.39,22.22,22.45,21.93
UA,22.45,22.63,22.69,22.94,22.39,11,22.4,22.6,22.68,22.04
UA,22.63,21.5,21.49,22.69,21.39,12,22.45,22.63,22.94,22.39
UA,21.26,21.2,21.53,21.49,21.08,13,22.63,21.5,22.69,21.39
UA,20.57,21.35,20.875,21.53,20.53,14,21.26,21.2,21.49,21.08
UA,20.45,20.63,21.21,20.875,20.24,15,20.57,21.35,21.53,20.53
UA,20.98,20.94,20.76,21.21,20.61,16,20.45,20.63,20.875,20.24
UA,20.7,20.07,20.77,20.76,19.74,17,20.98,20.94,21.21,20.61
UA,20.59,19.54,20.04,20.77,19.47,18,20.7,20.07,20.76,19.74
UA,19.72,19.96,20.16,20.04,19.17,19,20.59,19.54,20.77,19.47
UA,20.0,19.98,20.66,20.16,19.6,20,19.72,19.96,20.04,19.17
UA,20.04,20.37,21.08,20.66,19.805,21,20.0,19.98,20.16,19.6
UA,20.63,20.76,20.88,21.08,20.5227,22,20.04,20.37,20.66,19.805
UA,20.7,20.66,20.96,20.88,20.49,23,20.63,20.76,21.08,20.5227
UA,20.55,20.32,20.54,20.96,20.3,24,20.7,20.66,20.88,20.49
UA,20.38,20.06,20.2,20.54,19.97,25,20.55,20.32,20.96,20.3
UA,20.15,19.25,19.37,20.2,19.03,26,20.38,20.06,20.54,19.97
UA,19.1,19.01,19.23,19.37,18.95,27,20.15,19.25,20.2,19.03
UA,19.12,19.05,18.9602,19.23,18.515,28,19.1,19.01,19.37,18.95
UA,18.85,18.19,18.15,18.9602,17.965,29,19.12,19.05,19.23,18.515
UA,18.1,17.71,17.57,18.15,17.62,30,18.85,18.19,18.9602,17.965
UA,17.53,17.06,17.59,17.57,16.88,31,18.1,17.71,18.15,17.62
UA,17.38,17.46,17.56,17.59,17.37,32,17.53,17.06,17.57,16.88
UA,17.53,17.36,17.62,17.56,17.19,33,17.38,17.46,17.59,17.37
UA,17.44,17.55,17.88,17.62,17.25,34,17.53,17.36,17.56,17.19
UA,17.6,17.72,18.105,17.88,17.4718,35,17.44,17.55,17.62,17.25
UA,17.73,17.77,18.125,18.105,17.651,36,17.6,17.72,17.88,17.4718
UA,17.82,17.94,18.215,18.125,17.76,37,17.73,17.77,18.105,17.651
UA,17.96,17.99,18.125,18.215,17.9,38,17.82,17.94,18.125,17.76
UA,18.0,18.04,18.39,18.125,17.85,39,17.96,17.99,18.215,17.9
UA,18.26,18.07,18.65,18.39,17.995,40,18.0,18.04,18.125,17.85
UA,18.62,18.21,18.3478,18.65,18.14,41,18.26,18.07,18.39,17.995
UA,18.14,17.48,17.77,18.3478,17.46,42,18.62,18.21,18.65,18.14
UA,17.51,17.66,17.59,17.77,17.05,43,18.14,17.48,18.3478,17.46
UA,17.56,16.98,16.695,17.59,16.98,44,17.51,17.66,17.77,17.05
UA,16.67,16.68,16.71,16.695,16.265,45,17.56,16.98,17.59,16.98
UA,16.62,16.66,17.17,16.71,16.27,46,16.67,16.68,16.695,16.265
UA,16.85,16.7,16.87,17.17,16.65,47,16.62,16.66,16.71,16.27
UA,16.79,16.51,16.33,16.87,16.48,48,16.85,16.7,17.17,16.65
UA,16.28,16.18,16.42,16.33,15.78,49,16.79,16.51,16.87,16.48
UA,16.18,16.15,16.6,16.42,16.05,50,16.28,16.18,16.33,15.78
UA,16.25,16.27,16.82,16.6,16.195,51,16.18,16.15,16.42,16.05
UA,16.31,15.98,16.6,16.82,15.96,52,16.25,16.27,16.6,16.195
UA,16.21,16.09,16.56,16.6,15.85,53,16.31,15.98,16.82,15.96
UA,15.77,16.5,16.145,16.56,15.51,54,16.21,16.09,16.6,15.85
UA,16.09,15.92,16.22,16.145,15.69,55,15.77,16.5,16.56,15.51
UA,16.16,15.5,16.07,16.22,15.35,56,16.09,15.92,16.145,15.69
UA,15.86,15.49,15.58,16.07,15.2,57,16.16,15.5,16.22,15.35
UA,15.46,15.57,16.01,15.58,14.95,58,15.86,15.49,16.07,15.2
UA,15.52,15.99,16.49,16.01,15.45,59,15.46,15.57,15.58,14.95
UA,16.1,16.19,17.01,16.49,15.835,60,15.52,15.99,16.01,15.45
UA,16.7,16.56,16.76,17.01,16.4,61,16.1,16.19,16.49,15.835
UA,16.36,16.16,16.525,16.76,16.14,62,16.7,16.56,17.01,16.4
UA,16.13,16.43,16.9,16.525,16.05,63,16.36,16.16,16.76,16.14
UA,16.61,16.58,17.02,16.9,16.38,64,16.13,16.43,16.525,16.05
UA,16.6,16.94,17.465,17.02,16.53,65,16.61,16.58,16.9,16.38
UA,17.19,17.46,17.745,17.465,17.1001,66,16.6,16.94,17.02,16.53
UA,17.09,17.33,16.49,17.745,17.07,67,17.19,17.46,17.465,17.1001
UA,16.32,15.36,15.71,16.49,15.16,68,17.09,17.33,17.745,17.07
UA,15.42,15.11,15.665,15.71,15.04,69,16.32,15.36,16.49,15.16
UA,15.3,15.54,15.56,15.665,15.27,70,15.42,15.11,15.71,15.04
UA,15.35,15.13,15.26,15.56,15.02,71,15.3,15.54,15.665,15.27
UA,14.995,14.47,14.76,15.26,14.47,72,15.35,15.13,15.56,15.02
UA,14.59,14.46,14.565,14.76,14.345,73,14.995,14.47,15.26,14.47
UA,14.32,14.24,14.46,14.565,14.11,74,14.59,14.46,14.76,14.345
UA,14.38,13.85,14.92,14.46,13.79,75,14.32,14.24,14.565,14.11
UA,13.6,14.86,15.645,14.92,13.39,76,14.38,13.85,14.46,13.79
UA,14.95,15.57,15.69,15.645,14.86,77,13.6,14.86,14.92,13.39
UA,15.39,15.63,15.665,15.69,15.21,78,14.95,15.57,15.645,14.86
UA,15.55,15.28,15.53,15.665,15.18,79,15.39,15.63,15.69,15.21
UA,15.44,15.36,15.355,15.53,15.1575,80,15.55,15.28,15.665,15.18
UA,15.34,14.8,14.705,15.355,14.71,81,15.44,15.36,15.53,15.1575
UA,14.64,14.09,14.035,14.705,13.955,82,15.34,14.8,15.355,14.71
UA,13.98,12.75,13.53,14.035,12.67,83,14.64,14.09,14.705,13.955
UA,12.75,13.05,13.96,13.53,12.61,84,13.98,12.75,14.035,12.67
UA,13.82,13.76,13.99,13.96,13.59,85,12.75,13.05,13.53,12.61
UA,13.5,13.83,14.28,13.99,13.42,86,13.82,13.76,13.96,13.59
UA,13.95,14.0,14.39,14.28,13.9,87,13.5,13.83,13.99,13.42
UA,14.06,14.12,14.655,14.39,13.905,88,13.95,14.0,14.28,13.9
UA,14.45,14.44,15.21,14.655,14.23,89,14.06,14.12,14.39,13.905
EPRT,30.88,30.16,30.57,31.23,30.15,1,30.53,30.09,30.83,30.025
EPRT,30.09,29.76,29.93,30.57,29.75,2,30.88,30.16,31.23,30.15
EPRT,29.86,29.32,29.45,29.93,29.235,3,30.09,29.76,30.57,29.75
EPRT,29.41,29.11,29.49,29.45,29.07,4,29.86,29.32,29.93,29.235
EPRT,29.22,29.45,29.55,29.49,28.95,5,29.41,29.11,29.45,29.07
EPRT,29.45,28.9,29.34,29.55,28.84,6,29.22,29.45,29.49,28.95
EPRT,29.08,29.04,29.11,29.34,28.66,7,29.45,28.9,29.55,28.84
EPRT,29.0,28.84,28.7,29.11,28.355,8,29.08,29.04,29.34,28.66
EPRT,28.68,28.5,28.65,28.7,27.87,9,29.0,28.84,29.11,28.355
EPRT,28.57,28.43,28.39,28.65,28.35,10,28.68,28.5,28.7,27.87
EPRT,28.39,27.93,28.5,28.39,27.651,11,28.57,28.43,28.65,28.35
EPRT,27.76,28.2,28.415,28.5,27.6,12,28.39,27.93,28.39,27.651
EPRT,28.2,28.15,28.52,28.415,27.95,13,27.76,28.2,28.5,27.6
EPRT,27.99,28.48,27.54,28.52,27.9,14,28.2,28.15,28.415,27.95
EPRT,27.46,27.25,27.77,27.54,26.76,15,27.99,28.48,28.52,27.9
EPRT,27.645,27.37,27.76,27.77,27.25,16,27.46,27.25,27.54,26.76
EPRT,26.96,27.03,28.06,27.76,26.92,17,27.645,27.37,27.77,27.25
EPRT,27.41,26.48,27.63,28.06,26.45,18,26.96,27.03,27.76,26.92
EPRT,27.04,27.45,27.615,27.63,26.62,19,27.41,26.48,28.06,26.45
EPRT,27.43,27.39,28.79,27.615,27.09,20,27.04,27.45,27.63,26.62
EPRT,28.02,28.53,29.2937,28.79,27.92,21,27.43,27.39,27.615,27.09
EPRT,28.85,28.88,29.21,29.2937,28.63,22,28.02,28.53,28.79,27.92
EPRT,28.8,28.72,28.54,29.21,28.69,23,28.85,28.88,29.2937,28.63
EPRT,28.34,27.77,28.22,28.54,27.76,24,28.8,28.72,29.21,28.69
EPRT,28.05,27.33,27.83,28.22,27.3,25,28.34,27.77,28.54,27.76
EPRT,27.17,27.6,27.6,27.83,27.13,26,28.05,27.33,28.22,27.3
EPRT,27.47,27.02,27.5499,27.6,26.98,27,27.17,27.6,27.83,27.13
EPRT,27.01,27.39,27.69,27.5499,26.62,28,27.47,27.02,27.6,26.98
EPRT,27.51,27.24,27.62,27.69,27.01,29,27.01,27.39,27.5499,26.62
EPRT,27.15,27.01,27.04,27.62,26.79,30,27.51,27.24,27.69,27.01
EPRT,26.65,26.58,27.54,27.04,26.111,31,27.15,27.01,27.62,26.79
EPRT,26.775,27.44,27.8,27.54,26.68,32,26.65,26.58,27.04,26.111
EPRT,27.58,27.73,28.32,27.8,27.44,33,26.775,27.44,27.54,26.68
EPRT,27.99,27.93,28.27,28.32,27.86,34,27.58,27.73,27.8,27.44
EPRT,28.03,28.25,28.66,28.27,27.76,35,27.99,27.93,28.32,27.86
EPRT,28.27,28.54,29.035,28.66,28.22,36,28.03,28.25,28.27,27.76
EPRT,28.53,28.97,29.06,29.035,28.38,37,28.27,28.54,28.66,28.22
EPRT,28.7,28.64,29.05,29.06,28.64,38,28.53,28.97,29.035,28.38
EPRT,28.87,28.83,29.14,29.05,28.67,39,28.7,28.64,29.06,28.64
EPRT,28.81,28.99,29.6,29.14,28.32,40,28.87,28.83,29.05,28.67
EPRT,29.27,29.3,29.48,29.6,28.97,41,28.81,28.99,29.14,28.32
EPRT,29.24,28.37,28.655,29.48,28.26,42,29.27,29.3,29.6,28.97
EPRT,28.55,28.36,28.645,28.655,28.21,43,29.24,28.37,29.48,28.26
EPRT,28.31,28.3,28.2,28.645,28.23,44,28.55,28.36,28.655,28.21
EPRT,27.95,28.15,28.2,28.2,27.48,45,28.31,28.3,28.645,28.23
EPRT,28.16,27.77,28.24,28.2,27.46,46,27.95,28.15,28.2,27.48
EPRT,27.94,27.89,28.27,28.24,27.75,47,28.16,27.77,28.2,27.46
EPRT,28.15,27.95,27.845,28.27,27.86,48,27.94,27.89,28.24,27.75
EPRT,27.71,27.6,27.425,27.845,27.47,49,28.15,27.95,28.27,27.86
EPRT,27.28,27.15,27.43,27.425,27.095,50,27.71,27.6,27.845,27.47
EPRT,27.36,26.76,26.71,27.43,26.74,51,27.28,27.15,27.425,27.095
EPRT,26.4,25.74,26.09,26.71,25.71,52,27.36,26.76,27.43,26.74
EPRT,25.61,25.5,25.54,26.09,25.44,53,26.4,25.74,26.71,25.71
EPRT,25.09,25.48,25.52,25.54,24.37,54,25.61,25.5,26.09,25.44
EPRT,25.09,25.22,26.11,25.52,24.53,55,25.09,25.48,25.54,24.37
EPRT,25.58,24.94,25.47,26.11,24.75,56,25.09,25.22,25.52,24.53
EPRT,25.26,24.91,25.77,25.47,24.67,57,25.58,24.94,26.11,24.75
EPRT,25.0,25.76,26.56,25.77,24.56,58,25.26,24.91,25.47,24.67
EPRT,25.66,26.55,26.8,26.56,25.5,59,25.0,25.76,25.77,24.56
EPRT,26.7,26.38,26.695,26.8,26.19,60,25.66,26.55,26.56,25.5
EPRT,26.54,26.43,26.1,26.695,26.3,61,26.7,26.38,26.8,26.19
EPRT,25.96,25.58,25.91,26.1,25.47,62,26.54,26.43,26.695,26.3
EPRT,25.56,25.55,25.72,25.91,25.11,63,25.96,25.58,26.1,25.47
EPRT,25.67,25.26,25.72,25.72,25.18,64,25.56,25.55,25.91,25.11
EPRT,25.29,25.56,26.17,25.72,25.14,65,25.67,25.26,25.72,25.18
EPRT,26.0,25.83,26.14,26.17,25.59,66,25.29,25.56,25.72,25.14
EPRT,25.48,25.29,25.78,26.14,25.18,67,26.0,25.83,26.17,25.59
EPRT,25.62,25.42,25.72,25.78,25.01,68,25.48,25.29,26.14,25.18
EPRT,25.56,24.76,25.16,25.72,24.55,69,25.62,25.42,25.78,25.01
EPRT,25.13,24.78,25.33,25.16,24.76,70,25.56,24.76,25.72,24.55
EPRT,24.94,25.17,25.7399,25.33,24.46,71,25.13,24.78,25.16,24.76
EPRT,24.84,25.25,25.93,25.7399,24.79,72,24.94,25.17,25.33,24.46
EPRT,25.32,25.05,25.24,25.93,24.93,73,24.84,25.25,25.7399,24.79
EPRT,24.68,24.82,25.279,25.24,24.61,74,25.32,25.05,25.93,24.93
EPRT,25.22,24.64,25.01,25.279,24.59,75,24.68,24.82,25.24,24.61
EPRT,24.24,24.9,25.51,25.01,24.01,76,25.22,24.64,25.279,24.59
EPRT,25.25,25.42,25.51,25.51,24.81,77,24.24,24.9,25.01,24.01
EPRT,25.26,25.28,25.49,25.51,24.865,78,25.25,25.42,25.51,24.81
EPRT,25.38,25.0,25.56,25.49,24.72,79,25.26,25.28,25.51,24.865
EPRT,25.26,25.35,25.495,25.56,25.03,80,25.38,25.0,25.49,24.72
EPRT,25.44,25.19,25.28,25.495,24.94,81,25.26,25.35,25.56,25.03
EPRT,24.91,25.26,25.47,25.28,24.77,82,25.44,25.19,25.495,24.94
EPRT,25.34,24.26,25.06,25.47,24.26,83,24.91,25.26,25.28,24.77
EPRT,24.3,24.61,25.19,25.06,24.21,84,25.34,24.26,25.47,24.26
EPRT,25.15,24.92,24.91,25.19,24.74,85,24.3,24.61,25.06,24.21
EPRT,24.58,24.88,25.14,24.91,24.35,86,25.15,24.92,25.19,24.74
EPRT,24.94,24.8,25.09,25.14,24.66,87,24.58,24.88,24.91,24.35
EPRT,24.865,24.67,25.37,25.09,24.49,88,24.94,24.8,25.14,24.66
EPRT,24.72,24.81,25.25,25.37,24.54,89,24.865,24.67,25.09,24.49
LYV,118.99,123.8,120.34,127.75,115.5,1,105.5,107.52,107.53,104.68
LYV,116.87,117.14,117.0,120.34,113.62,2,118.99,123.8,127.75,115.5
LYV,116.7,116.61,117.73,117.0,114.03,3,116.87,117.14,120.34,113.62
LYV,116.05,115.01,115.87,117.73,113.95,4,116.7,116.61,117.0,114.03
LYV,115.09,114.26,114.53,115.87,113.2,5,116.05,115.01,117.73,113.95
LYV,114.03,112.32,116.79,114.53,111.71,6,115.09,114.26,115.87,113.2
LYV,113.22,115.94,116.04,116.79,112.7,7,114.03,112.32,114.53,111.71
LYV,114.6,115.71,116.65,116.04,112.12,8,113.22,115.94,116.79,112.7
LYV,115.65,115.1,115.48,116.65,113.83,9,114.6,115.71,116.04,112.12
LYV,115.5,112.96,112.99,115.48,111.931,10,115.65,115.1,116.65,113.83
LYV,111.4,112.54,116.7,112.99,109.05,11,115.5,112.96,115.48,111.931
LYV,114.08,112.11,113.63,116.7,112.06,12,111.4,112.54,112.99,109.05
LYV,113.02,112.74,113.527,113.63,110.56,13,114.08,112.11,116.7,112.06
LYV,111.24,112.61,105.05,113.527,110.85,14,113.02,112.74,113.63,110.56
LYV,103.85,103.53,109.62,105.05,98.5,15,111.24,112.61,113.527,110.85
LYV,105.88,107.85,107.73,109.62,104.81,16,103.85,103.53,105.05,98.5
LYV,106.44,106.65,109.95,107.73,104.25,17,105.88,107.85,109.62,104.81
LYV,109.26,102.83,107.28,109.95,102.33,18,106.44,106.65,107.73,104.25
LYV,103.75,106.31,106.56,107.28,103.29,19,109.26,102.83,109.95,102.33
LYV,106.27,100.93,109.415,106.56,99.16,20,103.75,106.31,107.28,103.29
LYV,102.12,107.11,110.67,109.415,101.85,21,106.27,100.93,106.56,99.16
LYV,109.75,108.63,113.4699,110.67,107.55,22,102.12,107.11,109.415,101.85
LYV,109.19,110.48,113.24,113.4699,109.08,23,109.75,108.63,110.67,107.55
LYV,109.38,110.73,112.9,113.24,108.95,24,109.19,110.48,113.4699,109.08
LYV,111.92,111.87,111.99,112.9,110.17,25,109.38,110.73,113.24,108.95
LYV,110.61,108.6,110.72,111.99,106.62,26,111.92,111.87,112.9,110.17
LYV,107.16,108.19,108.68,110.72,106.81,27,110.61,108.6,111.99,106.62
LYV,108.22,106.42,107.795,108.68,103.21,28,107.16,108.19,110.72,106.81
LYV,107.11,101.4,105.96,107.795,100.19,29,108.22,106.42,108.68,103.21
LYV,102.0,105.14,106.95,105.96,100.82,30,107.11,101.4,107.795,100.19
LYV,100.43,106.87,114.96,106.95,100.41,31,102.0,105.14,105.96,100.82
LYV,108.71,114.22,119.27,114.96,108.21,32,100.43,106.87,106.95,100.41
LYV,113.74,116.92,119.15,119.27,113.74,33,108.71,114.22,114.96,108.21
LYV,118.0,118.54,120.25,119.15,116.46,34,113.74,116.92,119.27,113.74
LYV,118.74,120.19,121.23,120.25,117.45,35,118.0,118.54,119.15,116.46
LYV,119.5,120.09,121.56,121.23,118.51,36,118.74,120.19,120.25,117.45
LYV,120.14,119.83,122.5,121.56,118.63,37,119.5,120.09,121.23,118.51
LYV,120.56,119.71,120.78,122.5,119.66,38,120.14,119.83,121.56,118.63
LYV,119.64,119.69,123.49,120.78,118.58,39,120.56,119.71,122.5,119.66
LYV,121.67,121.14,125.72,123.49,120.59,40,119.64,119.69,120.78,118.58
LYV,123.25,120.72,123.64,125.72,120.09,41,121.67,121.14,123.49,120.59
LYV,121.82,117.47,121.15,123.64,117.35,42,123.25,120.72,125.72,120.09
LYV,118.15,119.34,120.405,121.15,116.1974,43,121.82,117.47,123.64,117.35
LYV,119.71,115.86,116.56,120.405,115.81,44,118.15,119.34,121.15,116.1974
LYV,115.85,115.32,116.81,116.56,109.82,45,119.71,115.86,120.405,115.81
LYV,115.02,116.0,117.67,116.81,113.07,46,115.85,115.32,116.56,109.82
LYV,116.78,114.0,116.6328,117.67,113.99,47,115.02,116.0,116.81,113.07
LYV,114.99,113.87,114.98,116.6328,113.2,48,116.78,114.0,117.67,113.99
LYV,113.525,114.81,116.6,114.98,112.23,49,114.99,113.87,116.6328,113.2
LYV,114.15,115.21,116.28,116.6,113.25,50,113.525,114.81,114.98,112.23
LYV,116.15,113.28,116.8684,116.28,112.1301,51,114.15,115.21,116.6,113.25
LYV,114.0,112.44,113.18,116.8684,112.13,52,116.15,113.28,116.28,112.1301
LYV,112.19,109.74,108.91,113.18,109.31,53,114.0,112.44,116.8684,112.13
LYV,107.05,108.82,107.2985,108.91,100.72,54,112.19,109.74,113.18,109.31
LYV,106.27,106.12,108.7,107.2985,103.68,55,107.05,108.82,108.91,100.72
LYV,106.56,104.73,107.58,108.7,103.84,56,106.27,106.12,107.2985,103.68
LYV,106.37,101.64,105.44,107.58,101.43,57,106.56,104.73,108.7,103.84
LYV,101.52,105.27,109.62,105.44,99.76,58,106.37,101.64,107.58,101.43
LYV,105.27,109.51,112.54,109.62,105.0,59,101.52,105.27,105.44,99.76
LYV,110.59,111.09,110.8,112.54,108.9566,60,105.27,109.51,109.62,105.0
LYV,110.57,109.45,108.93,110.8,107.61,61,110.59,111.09,112.54,108.9566
LYV,107.99,105.84,109.245,108.93,105.76,62,110.57,109.45,110.8,107.61
LYV,105.6,108.36,111.52,109.245,104.73,63,107.99,105.84,108.93,105.76
LYV,108.76,111.02,116.815,111.52,108.61,64,105.6,108.36,109.245,104.73
LYV,111.98,116.59,118.84,116.815,111.0,65,108.76,111.02,111.52,108.61
LYV,118.24,118.02,121.12,118.84,116.72,66,111.98,116.59,116.815,111.0
LYV,117.01,118.93,119.83,121.12,116.6,67,118.24,118.02,118.84,116.72
LYV,118.75,115.75,117.3184,119.83,114.6,68,117.01,118.93,121.12,116.6
LYV,116.29,115.27,120.51,117.3184,114.015,69,118.75,115.75,119.83,114.6
LYV,117.3,119.75,120.59,120.51,116.9027,70,116.29,115.27,117.3184,114.015
LYV,118.95,120.25,121.33,120.59,116.58,71,117.3,119.75,120.51,116.9027
LYV,119.53,116.48,118.1,121.33,116.28,72,118.95,120.25,120.59,116.58
LYV,116.51,117.44,119.65,118.1,114.26,73,119.53,116.48,121.33,116.28
LYV,117.47,117.05,120.03,119.65,115.28,74,116.51,117.44,118.1,114.26
LYV,118.5,113.4,126.24,120.03,113.28,75,117.47,117.05,119.65,115.28
LYV,113.2,124.39,126.79,126.24,111.36,76,118.5,113.4,120.03,113.28
LYV,125.25,126.04,125.91,126.79,121.23,77,113.2,124.39,126.24,111.36
LYV,124.81,120.82,122.02,125.91,119.805,78,125.25,126.04,126.79,121.23
LYV,120.99,116.7,122.47,122.02,114.79,79,124.81,120.82,125.91,119.805
LYV,118.04,120.81,122.705,122.47,118.035,80,120.99,116.7,122.02,114.79
LYV,121.51,116.23,115.7,122.705,115.51,81,118.04,120.81,122.47,118.035
LYV,115.26,114.38,114.8825,115.7,111.42,82,121.51,116.23,122.705,115.51
LYV,114.28,100.31,109.87,114.8825,99.86,83,115.26,114.38,115.7,111.42
LYV,100.1,106.01,113.19,109.87,98.01,84,114.28,100.31,114.8825,99.86
LYV,109.25,109.9,111.99,113.19,109.355,85,100.1,106.01,109.87,98.01
LYV,107.5,111.56,114.025,111.99,106.6041,86,109.25,109.9,113.19,109.355
LYV,113.4,108.55,109.9,114.025,108.47,87,107.5,111.56,111.99,106.6041
LYV,108.38,108.04,111.95,109.9,106.45,88,113.4,108.55,114.025,108.47
LYV,109.42,111.76,114.71,111.95,108.6,89,108.38,108.04,109.9,106.45
VRRM,16.71,16.1,16.57,17.01,15.76,1,16.15,16.11,16.33,16.03
VRRM,16.26,16.25,16.56,16.57,16.18,2,16.71,16.1,17.01,15.76
VRRM,16.38,16.31,16.4,16.56,16.27,3,16.26,16.25,16.57,16.18
VRRM,16.37,16.25,16.53,16.4,15.94,4,16.38,16.31,16.56,16.27
VRRM,16.4,16.41,16.7553,16.53,16.26,5,16.37,16.25,16.4,15.94
VRRM,16.4,16.2,16.53,16.7553,16.15,6,16.4,16.41,16.53,16.26
VRRM,16.24,16.29,16.64,16.53,16.205,7,16.4,16.2,16.7553,16.15
VRRM,16.21,16.09,16.18,16.64,16.02,8,16.24,16.29,16.53,16.205
VRRM,16.03,15.53,15.7,16.18,15.39,9,16.21,16.09,16.64,16.02
VRRM,15.45,15.66,15.72,15.7,15.03,10,16.03,15.53,16.18,15.39
VRRM,15.5,15.35,15.78,15.72,15.23,11,15.45,15.66,15.7,15.03
VRRM,15.43,15.63,15.82,15.78,15.37,12,15.5,15.35,15.72,15.23
VRRM,15.57,15.74,15.83,15.82,15.49,13,15.43,15.63,15.78,15.37
VRRM,15.575,15.44,15.35,15.83,15.3379,14,15.57,15.74,15.82,15.49
VRRM,15.0,15.0,15.22,15.35,14.68,15,15.575,15.44,15.83,15.3379
VRRM,15.12,14.84,14.9,15.22,14.76,16,15.0,15.0,15.35,14.68
VRRM,14.76,14.39,14.9,14.9,14.27,17,15.12,14.84,15.22,14.76
VRRM,14.75,13.94,14.7,14.9,13.94,18,14.76,14.39,14.9,14.27
VRRM,13.87,14.59,14.88,14.7,13.47,19,14.75,13.94,14.9,13.94
VRRM,14.75,14.78,15.44,14.88,14.19,20,13.87,14.59,14.7,13.47
VRRM,14.91,15.32,15.79,15.44,14.63,21,14.75,14.78,14.88,14.19
VRRM,15.52,15.45,15.08,15.79,15.38,22,14.91,15.32,15.44,14.63
VRRM,15.07,14.83,14.85,15.08,14.55,23,15.52,15.45,15.79,15.38
VRRM,14.79,14.52,14.82,14.85,14.49,24,15.07,14.83,15.08,14.55
VRRM,14.68,14.66,14.73,14.82,14.12,25,14.79,14.52,14.85,14.49
VRRM,14.57,14.66,14.81,14.73,14.18,26,14.68,14.66,14.82,14.12
VRRM,14.6,14.56,14.77,14.81,14.33,27,14.57,14.66,14.73,14.18
VRRM,14.58,14.65,14.79,14.77,14.2,28,14.6,14.56,14.81,14.33
VRRM,14.75,14.44,14.51,14.79,14.325,29,14.58,14.65,14.77,14.2
VRRM,14.32,14.36,14.27,14.51,13.93,30,14.75,14.44,14.79,14.325
VRRM,14.06,14.16,15.02,14.27,13.86,31,14.32,14.36,14.51,13.93
VRRM,14.25,14.99,15.26,15.02,13.76,32,14.06,14.16,14.27,13.86
VRRM,15.12,15.0,15.35,15.26,14.79,33,14.25,14.99,15.02,13.76
VRRM,15.14,15.2,15.64,15.35,14.91,34,15.12,15.0,15.26,14.79
VRRM,15.27,15.62,15.91,15.64,15.2,35,15.14,15.2,15.35,14.91
VRRM,15.65,15.48,15.6,15.91,15.41,36,15.27,15.62,15.64,15.2
VRRM,15.43,15.6,15.79,15.6,15.2154,37,15.65,15.48,15.91,15.41
VRRM,15.7,15.38,15.62,15.79,15.37,38,15.43,15.6,15.6,15.2154
VRRM,15.35,15.43,16.1125,15.62,15.28,39,15.7,15.38,15.79,15.37
VRRM,15.57,16.0,16.4,16.1125,15.49,40,15.35,15.43,15.62,15.28
VRRM,16.14,15.97,16.14,16.4,15.925,41,15.57,16.0,16.1125,15.49
VRRM,15.85,15.43,15.73,16.14,15.39,42,16.14,15.97,16.4,15.925
VRRM,15.54,15.56,15.67,15.73,15.32,43,15.85,15.43,16.14,15.39
VRRM,15.57,15.11,15.37,15.67,15.1,44,15.54,15.56,15.73,15.32
VRRM,14.9,15.29,15.595,15.37,14.77,45,15.57,15.11,15.67,15.1
VRRM,15.3,15.4,15.56,15.595,15.01,46,14.9,15.29,15.37,14.77
VRRM,15.57,15.26,15.515,15.56,15.03,47,15.3,15.4,15.595,15.01
VRRM,15.44,15.16,15.1421,15.515,15.13,48,15.57,15.26,15.56,15.03
VRRM,15.02,14.9,14.98,15.1421,14.61,49,15.44,15.16,15.515,15.13
VRRM,14.75,14.77,15.14,14.98,14.58,50,15.02,14.9,15.1421,14.61
VRRM,14.89,15.0,15.31,15.14,14.742,51,14.75,14.77,14.98,14.58
VRRM,15.02,15.06,15.36,15.31,15.0,52,14.89,15.0,15.14,14.742
VRRM,15.06,14.87,14.89,15.36,14.85,53,15.02,15.06,15.31,15.0
VRRM,14.61,14.86,15.185,14.89,14.1,54,15.06,14.87,15.36,14.85
VRRM,14.85,14.98,15.565,15.185,14.37,55,14.61,14.86,14.89,14.1
VRRM,15.04,15.2,15.4999,15.565,14.91,56,14.85,14.98,15.185,14.37
VRRM,15.36,14.91,15.71,15.4999,14.72,57,15.04,15.2,15.565,14.91
VRRM,14.92,15.7,16.0,15.71,14.74,58,15.36,14.91,15.4999,14.72
VRRM,15.62,15.84,16.36,16.0,15.44,59,14.92,15.7,15.71,14.74
VRRM,15.85,15.99,16.07,16.36,15.82,60,15.62,15.84,16.0,15.44
VRRM,15.9,15.94,15.99,16.07,15.6,61,15.85,15.99,16.36,15.82
VRRM,15.8,15.73,16.08,15.99,15.675,62,15.9,15.94,16.07,15.6
VRRM,15.59,15.98,16.46,16.08,15.33,63,15.8,15.73,15.99,15.675
VRRM,16.0,16.35,16.64,16.46,15.95,64,15.59,15.98,16.08,15.33
VRRM,16.16,16.57,16.98,16.64,16.01,65,16.0,16.35,16.46,15.95
VRRM,16.77,16.91,17.26,16.98,16.7062,66,16.16,16.57,16.64,16.01
VRRM,16.68,16.87,17.01,17.26,16.65,67,16.77,16.91,16.98,16.7062
VRRM,16.76,16.67,16.83,17.01,16.56,68,16.68,16.87,17.26,16.65
VRRM,16.57,16.74,17.58,16.83,16.505,69,16.76,16.67,17.01,16.56
VRRM,17.0,17.5,18.13,17.58,16.91,70,16.57,16.74,16.83,16.505
VRRM,17.59,17.97,17.95,18.13,17.4384,71,17.0,17.5,17.58,16.91
VRRM,17.86,17.31,17.335,17.95,17.06,72,17.59,17.97,18.13,17.4384
VRRM,17.24,16.93,17.45,17.335,16.92,73,17.86,17.31,17.95,17.06
VRRM,16.97,17.18,17.54,17.45,16.71,74,17.24,16.93,17.335,16.92
VRRM,17.42,16.93,17.58,17.54,16.89,75,16.97,17.18,17.45,16.71
VRRM,16.42,17.54,17.815,17.58,16.3,76,17.42,16.93,17.54,16.89
VRRM,17.54,17.65,17.535,17.815,17.3748,77,16.42,17.54,17.58,16.3
VRRM,17.42,16.8,16.77,17.535,16.14,78,17.54,17.65,17.815,17.3748
VRRM,16.76,16.34,17.15,16.77,16.11,79,17.42,16.8,17.535,16.14
VRRM,16.2,16.96,17.06,17.15,16.4,80,16.76,16.34,16.77,16.11
VRRM,16.92,16.33,16.49,17.06,16.231,81,16.2,16.96,17.15,16.4
VRRM,16.15,16.44,16.49,16.49,15.81,82,16.92,16.33,17.06,16.231
VRRM,16.37,15.86,16.23,16.49,15.81,83,16.15,16.44,16.49,15.81
VRRM,15.74,15.59,16.29,16.23,15.3,84,16.37,15.86,16.49,15.81
VRRM,15.83,16.16,16.29,16.29,15.92,85,15.74,15.59,16.23,15.3
VRRM,16.1,16.27,16.66,16.29,15.97,86,15.83,16.16,16.29,15.92
VRRM,16.4,16.4,16.64,16.66,16.26,87,16.1,16.27,16.29,15.97
VRRM,16.46,16.09,16.29,16.64,15.89,88,16.4,16.4,16.66,16.26
VRRM,16.23,16.17,17.0,16.29,15.93,89,16.46,16.09,16.64,15.89
CWK,19.2,19.98,20.27,20.215,19.13,1,18.84,18.92,19.15,18.721
CWK,20.085,19.36,19.47,20.27,19.26,2,19.2,19.98,20.215,19.13
CWK,19.44,19.26,19.53,19.47,19.15,3,20.085,19.36,20.27,19.26
CWK,19.135,18.85,19.32,19.53,18.75,4,19.44,19.26,19.47,19.15
CWK,18.99,19.14,19.29,19.32,18.8,5,19.135,18.85,19.53,18.75
CWK,19.12,18.91,19.03,19.29,18.9,6,18.99,19.14,19.32,18.8
CWK,18.9,18.56,19.065,19.03,18.49,7,19.12,18.91,19.29,18.9
CWK,18.68,18.65,18.54,19.065,18.58,8,18.9,18.56,19.03,18.49
CWK,18.41,17.98,18.07,18.54,17.84,9,18.68,18.65,19.065,18.58
CWK,17.94,18.01,18.15,18.07,17.68,10,18.41,17.98,18.54,17.84
CWK,17.73,18.09,19.13,18.15,17.7,11,17.94,18.01,18.07,17.68
CWK,19.03,18.76,19.34,19.13,18.6,12,17.73,18.09,18.15,17.7
CWK,18.775,19.19,19.68,19.34,18.77,13,19.03,18.76,19.13,18.6
CWK,19.21,19.6,19.105,19.68,19.08,14,18.775,19.19,19.34,18.77
CWK,18.97,18.61,19.0,19.105,18.2,15,19.21,19.6,19.68,19.08
CWK,18.93,18.5,18.32,19.0,18.31,16,18.97,18.61,19.105,18.2
CWK,18.26,17.68,18.77,18.32,17.52,17,18.93,18.5,19.0,18.31
CWK,18.21,17.97,18.76,18.77,17.95,18,18.26,17.68,18.32,17.52
CWK,18.16,18.66,18.91,18.76,18.085,19,18.21,17.97,18.77,17.95
CWK,18.78,18.83,19.75,18.91,18.56,20,18.16,18.66,18.76,18.085
CWK,19.1,19.54,20.58,19.75,19.06,21,18.78,18.83,18.91,18.56
CWK,19.88,20.25,20.67,20.58,19.662,22,19.1,19.54,19.75,19.06
CWK,20.32,20.13,20.38,20.67,19.98,23,19.88,20.25,20.58,19.662
CWK,19.98,20.32,21.33,20.38,19.9,24,20.32,20.13,20.67,19.98
CWK,20.64,21.3,20.69,21.33,20.6,25,19.98,20.32,20.38,19.9
CWK,20.63,20.47,20.68,20.69,19.645,26,20.64,21.3,21.33,20.6
CWK,20.48,20.01,20.65,20.68,19.91,27,20.63,20.47,20.69,19.645
CWK,19.97,20.47,20.74,20.65,19.91,28,20.48,20.01,20.68,19.91
CWK,20.7,20.53,20.605,20.74,20.31,29,19.97,20.47,20.65,19.91
CWK,20.24,20.35,20.22,20.605,19.935,30,20.7,20.53,20.74,20.31
CWK,19.75,20.15,20.97,20.22,19.485,31,20.24,20.35,20.605,19.935
CWK,20.64,20.89,21.51,20.97,20.52,32,19.75,20.15,20.22,19.485
CWK,20.94,21.46,22.01,21.51,20.84,33,20.64,20.89,20.97,20.52
CWK,21.4,21.92,22.37,22.01,21.33,34,20.94,21.46,21.51,20.84
CWK,21.92,22.36,22.53,22.37,21.66,35,21.4,21.92,22.01,21.33
CWK,22.4,22.41,22.58,22.53,22.25,36,21.92,22.36,22.37,21.66
CWK,22.39,22.47,22.77,22.58,22.24,37,22.4,22.41,22.53,22.25
CWK,22.76,22.4,22.55,22.77,22.38,38,22.39,22.47,22.58,22.24
CWK,22.43,22.24,22.68,22.55,22.19,39,22.76,22.4,22.77,22.38
CWK,22.52,22.31,22.77,22.68,22.07,40,22.43,22.24,22.55,22.19
CWK,22.58,22.61,22.66,22.77,22.36,41,22.52,22.31,22.68,22.07
CWK,22.62,21.82,22.38,22.66,21.77,42,22.58,22.61,22.77,22.36
CWK,22.03,22.0,22.0838,22.38,21.82,43,22.62,21.82,22.66,21.77
CWK,21.95,21.72,21.535,22.0838,21.62,44,22.03,22.0,22.38,21.82
CWK,21.44,21.4,21.92,21.535,21.04,45,21.95,21.72,22.0838,21.62
CWK,21.53,21.9,22.09,21.92,20.99,46,21.44,21.4,21.535,21.04
CWK,21.96,22.04,22.429,22.09,21.75,47,21.53,21.9,21.92,20.99
CWK,22.09,22.2,22.04,22.429,22.0233,48,21.96,22.04,22.09,21.75
CWK,21.82,21.8,21.74,22.04,21.49,49,22.09,22.2,22.429,22.0233
CWK,21.49,21.42,21.575,21.74,21.25,50,21.82,21.8,22.04,21.49
CWK,21.42,20.93,21.53,21.575,20.92,51,21.49,21.42,21.74,21.25
CWK,21.23,20.75,21.61,21.53,20.69,52,21.42,20.93,21.575,20.92
CWK,20.99,21.3,21.94,21.61,20.7347,53,21.23,20.75,21.53,20.69
CWK,20.93,21.76,21.49,21.94,20.47,54,20.99,21.3,21.61,20.7347
CWK,21.37,20.52,21.14,21.49,20.47,55,20.93,21.76,21.94,20.47
CWK,20.75,20.66,20.95,21.14,20.24,56,21.37,20.52,21.49,20.47
CWK,20.78,20.15,20.46,20.95,19.97,57,20.75,20.66,21.14,20.24
CWK,20.07,20.46,20.99,20.46,19.64,58,20.78,20.15,20.95,19.97
CWK,20.51,20.99,21.35,20.99,20.33,59,20.07,20.46,20.46,19.64
CWK,21.13,21.19,21.93,21.35,20.9,60,20.51,20.99,20.99,20.33
CWK,21.33,21.59,21.69,21.93,21.23,61,21.13,21.19,21.35,20.9
CWK,21.28,21.46,21.46,21.69,21.28,62,21.33,21.59,21.93,21.23
CWK,21.36,21.21,21.63,21.46,20.92,63,21.28,21.46,21.69,21.28
CWK,21.26,21.46,21.86,21.63,21.08,64,21.36,21.21,21.46,20.92
CWK,21.59,21.68,22.4,21.86,21.32,65,21.26,21.46,21.63,21.08
CWK,21.9,22.18,22.56,22.4,21.884,66,21.59,21.68,21.86,21.32
CWK,21.74,22.17,22.5701,22.56,21.63,67,21.9,22.18,22.4,21.884
CWK,22.18,22.05,22.1959,22.5701,21.84,68,21.74,22.17,22.56,21.63
CWK,22.08,21.5,22.1269,22.1959,21.34,69,22.18,22.05,22.5701,21.84
CWK,21.85,22.04,23.25,22.1269,21.64,70,22.08,21.5,22.1959,21.34
CWK,22.02,23.12,23.22,23.25,21.9421,71,21.85,22.04,22.1269,21.64
CWK,22.87,22.8,23.0,23.22,22.58,72,22.02,23.12,23.25,21.9421
CWK,22.55,22.62,22.86,23.0,22.32,73,22.87,22.8,23.22,22.58
CWK,22.34,22.68,23.15,22.86,22.1,74,22.55,22.62,23.0,22.32
CWK,23.1,22.12,22.52,23.15,22.07,75,22.34,22.68,22.86,22.1
CWK,21.55,22.45,23.54,22.52,21.28,76,23.1,22.12,23.15,22.07
CWK,22.78,23.12,22.96,23.54,22.5,77,21.55,22.45,22.52,21.28
CWK,22.63,21.92,22.34,22.96,21.4,78,22.78,23.12,23.54,22.5
CWK,22.2,21.33,22.15,22.34,21.22,79,22.63,21.92,22.96,21.4
CWK,21.68,21.82,22.12,22.15,21.53,80,22.2,21.33,22.34,21.22
CWK,22.03,21.11,21.01,22.12,20.78,81,21.68,21.82,22.15,21.53
CWK,20.77,19.9,19.81,21.01,19.78,82,22.03,21.11,22.12,20.78
CWK,19.76,18.89,19.41,19.81,18.87,83,20.77,19.9,21.01,19.78
CWK,19.1,18.74,19.82,19.41,18.7,84,19.76,18.89,19.81,18.87
CWK,19.38,19.6,19.56,19.82,19.305,85,19.1,18.74,19.41,18.7
CWK,19.27,19.49,19.85,19.56,19.01,86,19.38,19.6,19.82,19.305
CWK,19.77,19.63,20.285,19.85,19.52,87,19.27,19.49,19.56,19.01
CWK,19.86,19.64,20.34,20.285,19.43,88,19.77,19.63,19.85,19.52
CWK,19.94,20.0,20.97,20.34,19.76,89,19.86,19.64,20.285,19.43
PVG,11.76,12.1,12.26,12.1,11.68,1,12.03,11.75,12.32,11.75
PVG,12.17,12.15,14.5,12.26,11.925,2,11.76,12.1,12.1,11.68
PVG,14.25,14.45,14.54,14.5,14.065,3,12.17,12.15,12.26,11.925
PVG,14.42,14.52,14.74,14.54,14.36,4,14.25,14.45,14.5,14.065
PVG,14.62,14.61,14.79,14.74,14.46,5,14.42,14.52,14.54,14.36
PVG,14.44,14.56,14.7,14.79,13.63,6,14.62,14.61,14.74,14.46
PVG,14.37,14.6,14.75,14.7,14.3,7,14.44,14.56,14.79,13.63
PVG,14.53,14.4,14.6,14.75,14.385,8,14.37,14.6,14.7,14.3
PVG,14.45,14.32,14.495,14.6,14.27,9,14.53,14.4,14.75,14.385
PVG,14.27,14.25,14.24,14.495,14.13,10,14.45,14.32,14.6,14.27
PVG,14.18,14.03,14.035,14.24,14.025,11,14.27,14.25,14.495,14.13
PVG,13.88,13.84,14.01,14.035,13.79,12,14.18,14.03,14.24,14.025
PVG,13.72,13.78,13.97,14.01,13.68,13,13.88,13.84,14.035,13.79
PVG,13.74,13.95,14.0,13.97,13.7,14,13.72,13.78,14.01,13.68
PVG,13.96,13.76,13.855,14.0,13.66,15,13.74,13.95,13.97,13.7
PVG,13.73,13.73,13.89,13.855,13.66,16,13.96,13.76,14.0,13.66
PVG,13.795,13.49,13.74,13.89,13.23,17,13.73,13.73,13.855,13.66
PVG,13.59,13.3,13.33,13.74,13.24,18,13.795,13.49,13.89,13.23
PVG,13.31,13.07,13.27,13.33,13.0,19,13.59,13.3,13.74,13.24
PVG,13.13,13.12,13.335,13.27,13.03,20,13.31,13.07,13.33,13.0
PVG,13.12,13.33,13.68,13.335,13.05,21,13.13,13.12,13.27,13.03
PVG,13.47,13.61,13.79,13.68,13.41,22,13.12,13.33,13.335,13.05
PVG,13.67,13.69,13.78,13.79,13.58,23,13.47,13.61,13.68,13.41
PVG,13.5,13.53,13.58,13.78,13.44,24,13.67,13.69,13.79,13.58
PVG,13.51,13.33,13.53,13.58,13.15,25,13.5,13.53,13.78,13.44
PVG,13.34,13.45,13.48,13.53,13.25,26,13.51,13.33,13.58,13.15
PVG,13.275,13.36,13.45,13.48,13.22,27,13.34,13.45,13.53,13.25
PVG,13.3,13.37,13.78,13.45,13.08,28,13.275,13.36,13.48,13.22
PVG,13.58,13.71,13.91,13.78,13.485,29,13.3,13.37,13.45,13.08
PVG,13.81,13.39,13.515,13.91,13.29,30,13.58,13.71,13.78,13.485
PVG,13.36,13.47,13.73,13.515,13.32,31,13.81,13.39,13.91,13.29
PVG,13.56,13.6,13.89,13.73,13.453,32,13.36,13.47,13.515,13.32
PVG,13.73,13.87,13.97,13.89,13.57,33,13.56,13.6,13.73,13.453
PVG,13.85,13.96,14.06,13.97,13.74,34,13.73,13.87,13.89,13.57
PVG,13.87,13.84,13.98,14.06,13.84,35,13.85,13.96,13.97,13.74
PVG,13.93,13.88,14.0,13.98,13.8221,36,13.87,13.84,14.06,13.84
PVG,13.8,13.96,14.07,14.0,13.65,37,13.93,13.88,13.98,13.8221
PVG,14.02,14.05,14.17,14.07,13.93,38,13.8,13.96,14.0,13.65
PVG,14.12,14.09,14.015,14.17,13.915,39,14.02,14.05,14.07,13.93
PVG,13.86,13.88,14.12,14.015,13.78,40,14.12,14.09,14.17,13.915
PVG,13.91,14.01,14.19,14.12,13.81,41,13.86,13.88,14.015,13.78
PVG,14.05,14.06,13.89,14.19,13.99,42,13.91,14.01,14.12,13.81
PVG,13.77,13.83,14.12,13.89,13.59,43,14.05,14.06,14.19,13.99
PVG,13.87,14.1,14.08,14.12,13.85,44,13.77,13.83,13.89,13.59
PVG,14.06,13.96,14.24,14.08,13.775,45,13.87,14.1,14.12,13.85
PVG,14.05,14.22,14.39,14.24,13.91,46,14.06,13.96,14.08,13.775
PVG,14.28,14.33,14.52,14.39,14.1,47,14.05,14.22,14.24,13.91
PVG,14.245,14.36,14.5,14.52,14.13,48,14.28,14.33,14.39,14.1
PVG,14.32,14.39,14.32,14.5,14.32,49,14.245,14.36,14.52,14.13
PVG,14.21,14.08,14.63,14.32,13.8,50,14.32,14.39,14.5,14.32
PVG,14.18,14.53,14.755,14.63,14.16,51,14.21,14.08,14.32,13.8
PVG,14.57,14.61,14.67,14.755,14.5,52,14.18,14.53,14.63,14.16
PVG,14.49,14.49,14.4,14.67,14.47,53,14.57,14.61,14.755,14.5
PVG,14.38,14.36,14.445,14.4,14.07,54,14.49,14.49,14.67,14.47
PVG,14.24,14.27,14.35,14.445,14.15,55,14.38,14.36,14.4,14.07
PVG,14.18,13.97,13.96,14.35,13.865,56,14.24,14.27,14.445,14.15
PVG,13.75,13.52,13.52,13.96,13.451,57,14.18,13.97,14.35,13.865
PVG,13.51,13.41,13.59,13.52,13.225,58,13.75,13.52,13.96,13.451
PVG,13.455,13.57,13.93,13.59,13.1773,59,13.51,13.41,13.52,13.225
PVG,13.73,13.73,13.87,13.93,13.57,60,13.455,13.57,13.59,13.1773
PVG,13.85,13.66,13.71,13.87,13.57,61,13.73,13.73,13.93,13.57
PVG,13.56,13.55,13.77,13.71,13.42,62,13.85,13.66,13.87,13.57
PVG,13.47,13.7,13.925,13.77,13.44,63,13.56,13.55,13.71,13.42
PVG,13.75,13.85,13.93,13.925,13.5599,64,13.47,13.7,13.77,13.44
PVG,13.72,13.76,13.85,13.93,13.67,65,13.75,13.85,13.925,13.5599
PVG,13.74,13.76,13.88,13.85,13.71,66,13.72,13.76,13.93,13.67
PVG,13.69,13.58,14.075,13.88,13.5,67,13.74,13.76,13.85,13.71
PVG,13.58,13.92,14.08,14.075,13.55,68,13.69,13.58,13.88,13.5
PVG,13.91,14.04,14.1,14.08,13.85,69,13.58,13.92,14.075,13.55
PVG,13.8,14.02,14.25,14.1,13.692,70,13.91,14.04,14.08,13.85
PVG,14.13,14.15,14.37,14.25,14.0,71,13.8,14.02,14.1,13.692
PVG,14.28,14.19,14.248,14.37,14.17,72,14.13,14.15,14.25,14.0
PVG,14.13,14.16,14.23,14.248,14.0601,73,14.28,14.19,14.37,14.17
PVG,14.18,14.13,14.22,14.23,14.05,74,14.13,14.16,14.248,14.0601
PVG,14.18,14.13,14.39,14.22,14.07,75,14.18,14.13,14.23,14.05
PVG,14.39,14.11,14.33,14.39,13.89,76,14.18,14.13,14.22,14.07
PVG,14.06,14.33,14.595,14.33,14.02,77,14.39,14.11,14.39,13.89
PVG,14.39,14.57,14.8,14.595,14.36,78,14.06,14.33,14.33,14.02
PVG,14.6,14.79,14.74,14.8,14.53,79,14.39,14.57,14.595,14.36
PVG,14.67,14.73,14.75,14.74,14.49,80,14.6,14.79,14.8,14.53
PVG,14.71,14.72,14.995,14.75,14.46,81,14.67,14.73,14.74,14.49
PVG,14.72,14.89,15.51,14.995,14.69,82,14.71,14.72,14.75,14.46
PVG,14.98,15.25,15.65,15.51,14.95,83,14.72,14.89,14.995,14.69
ET,9.29,9.3,9.41,9.35,9.23,1,9.53,9.23,9.56,9.02
ET,9.33,9.35,9.39,9.41,9.23,2,9.29,9.3,9.35,9.23
ET,9.325,9.36,9.38,9.39,9.1,3,9.33,9.35,9.41,9.23
ET,9.3,9.08,9.23,9.38,9.075,4,9.325,9.36,9.39,9.1
ET,9.11,9.17,9.15,9.23,9.09,5,9.3,9.08,9.38,9.075
ET,9.1,9.13,9.37,9.15,9.04,6,9.11,9.17,9.23,9.09
ET,9.15,9.29,9.4172,9.37,9.11,7,9.1,9.13,9.15,9.04
ET,9.37,9.24,9.33,9.4172,9.22,8,9.15,9.29,9.37,9.11
ET,9.215,8.98,9.065,9.33,8.98,9,9.37,9.24,9.4172,9.22
ET,9.03,8.88,8.92,9.065,8.82,10,9.215,8.98,9.33,8.98
ET,8.79,8.7,8.91,8.92,8.6,11,9.03,8.88,9.065,8.82
ET,8.75,8.82,9.0099,8.91,8.62,12,8.79,8.7,8.92,8.6
ET,8.9,8.95,9.1,9.0099,8.8,13,8.75,8.82,8.91,8.62
ET,8.9,9.04,8.9,9.1,8.855,14,8.9,8.95,9.0099,8.8
ET,8.58,8.84,8.9401,8.9,8.54,15,8.9,9.04,9.1,8.855
ET,8.89,8.61,8.635,8.9401,8.48,16,8.58,8.84,8.9,8.54
ET,8.51,8.42,8.72,8.635,8.31,17,8.89,8.61,8.9401,8.48
ET,8.57,8.16,8.38,8.72,8.11,18,8.51,8.42,8.635,8.31
ET,8.15,8.32,8.48,8.38,8.07,19,8.57,8.16,8.72,8.11
ET,8.38,8.23,8.43,8.48,8.1,20,8.15,8.32,8.38,8.07
ET,8.22,8.18,8.41,8.43,7.96,21,8.38,8.23,8.48,8.1
ET,8.35,8.36,8.77,8.41,8.22,22,8.22,8.18,8.43,7.96
ET,8.25,8.52,8.655,8.77,8.24,23,8.35,8.36,8.41,8.22
ET,8.53,8.57,8.66,8.655,8.375,24,8.25,8.52,8.77,8.24
ET,8.63,8.48,8.45,8.66,8.42,25,8.53,8.57,8.655,8.375
ET,8.44,8.23,8.295,8.45,8.16,26,8.63,8.48,8.66,8.42
ET,8.19,8.25,8.39,8.295,8.15,27,8.44,8.23,8.45,8.16
ET,8.22,8.36,8.595,8.39,8.08,28,8.19,8.25,8.295,8.15
ET,8.45,8.49,8.49,8.595,8.39,29,8.22,8.36,8.39,8.08
ET,8.44,8.35,8.27,8.49,8.32,30,8.45,8.49,8.595,8.39
ET,8.2,8.25,8.44,8.27,8.0,31,8.44,8.35,8.49,8.32
ET,8.305,8.18,8.28,8.44,8.15,32,8.2,8.25,8.27,8.0
ET,8.18,8.21,8.23,8.28,8.115,33,8.305,8.18,8.44,8.15
ET,8.19,8.22,8.33,8.23,8.12,34,8.18,8.21,8.28,8.115
ET,8.19,8.3,8.4,8.33,8.15,35,8.19,8.22,8.23,8.12
ET,8.3,8.27,8.26,8.4,8.26,36,8.19,8.3,8.33,8.15
ET,8.24,8.15,8.3,8.26,8.1,37,8.3,8.27,8.4,8.26
ET,8.15,8.16,8.23,8.3,8.12,38,8.24,8.15,8.26,8.1
ET,8.13,8.23,8.75,8.23,8.11,39,8.15,8.16,8.3,8.12
ET,8.27,8.71,9.05,8.75,8.19,40,8.13,8.23,8.23,8.11
ET,8.81,8.92,9.09,9.05,8.76,41,8.27,8.71,8.75,8.19
ET,9.02,8.81,9.11,9.09,8.8,42,8.81,8.92,9.05,8.76
ET,9.08,9.08,9.31,9.11,8.8062,43,9.02,8.81,9.09,8.8
ET,9.13,9.24,9.37,9.31,9.06,44,9.08,9.08,9.11,8.8062
ET,9.34,9.12,9.34,9.37,8.935,45,9.13,9.24,9.31,9.06
ET,9.15,9.33,9.66,9.34,9.08,46,9.34,9.12,9.37,8.935
ET,9.4,9.63,9.66,9.66,9.37,47,9.15,9.33,9.34,9.08
ET,9.65,9.44,9.63,9.66,9.42,48,9.4,9.63,9.66,9.37
ET,9.5,9.59,9.76,9.63,9.42,49,9.65,9.44,9.66,9.42
ET,9.65,9.7,9.78,9.76,9.53,50,9.5,9.59,9.63,9.42
ET,9.77,9.59,9.66,9.78,9.46,51,9.65,9.7,9.76,9.53
ET,9.54,9.53,9.5,9.66,9.46,52,9.77,9.59,9.78,9.46
ET,9.41,9.17,9.22,9.5,9.11,53,9.54,9.53,9.66,9.46
ET,8.94,9.18,9.34,9.22,8.75,54,9.41,9.17,9.5,9.11
ET,9.13,9.29,9.79,9.34,9.025,55,8.94,9.18,9.22,8.75
ET,9.77,9.69,9.81,9.79,9.475,56,9.13,9.29,9.34,9.025
ET,9.8,9.6,9.67,9.81,9.41,57,9.77,9.69,9.79,9.475
ET,9.66,9.5,9.615,9.67,9.35,58,9.8,9.6,9.81,9.41
ET,9.5,9.57,9.84,9.615,9.36,59,9.66,9.5,9.67,9.35
ET,9.67,9.8,10.0,9.84,9.55,60,9.5,9.57,9.615,9.36
ET,9.85,9.96,10.24,10.0,9.76,61,9.67,9.8,9.84,9.55
ET,9.91,10.24,10.41,10.24,9.805,62,9.85,9.96,10.0,9.76
ET,10.33,10.24,10.11,10.41,10.17,63,9.91,10.24,10.24,9.805
ET,10.07,9.93,10.0,10.11,9.86,64,10.33,10.24,10.41,10.17
ET,9.88,9.97,10.13,10.0,9.76,65,10.07,9.93,10.11,9.86
ET,9.99,9.98,10.15,10.13,9.96,66,9.88,9.97,10.0,9.76
ET,10.01,10.0,10.33,10.15,9.95,67,9.99,9.98,10.13,9.96
ET,10.02,10.3,10.29,10.33,10.0,68,10.01,10.0,10.15,9.95
ET,10.26,10.1,10.2056,10.29,10.07,69,10.02,10.3,10.33,10.0
ET,9.95,10.17,10.38,10.2056,9.8934,70,10.26,10.1,10.29,10.07
ET,10.24,10.13,10.35,10.38,10.12,71,9.95,10.17,10.2056,9.8934
ET,10.33,10.22,10.36,10.35,10.15,72,10.24,10.13,10.38,10.12
ET,10.34,10.05,10.2,10.36,10.03,73,10.33,10.22,10.35,10.15
ET,10.18,9.76,9.9,10.2,9.65,74,10.34,10.05,10.36,10.03
ET,9.83,9.78,9.9299,9.9,9.73,75,10.18,9.76,10.2,9.65
ET,9.63,9.695,9.865,9.9299,9.535,76,9.83,9.78,9.9,9.73
ET,9.76,9.79,10.19,9.865,9.7,77,9.63,9.695,9.9299,9.535
ET,9.78,10.14,10.46,10.19,9.72,78,9.76,9.79,9.865,9.7
ET,10.2,10.42,10.55,10.46,10.19,79,9.78,10.14,10.19,9.72
ET,10.5,10.49,10.47,10.55,10.385,80,10.2,10.42,10.46,10.19
ET,10.46,10.37,10.46,10.47,10.24,81,10.5,10.49,10.55,10.385
ET,10.39,10.43,10.5898,10.46,10.27,82,10.46,10.37,10.47,10.24
ET,10.53,10.34,10.69,10.5898,10.21,83,10.39,10.43,10.46,10.27
ET,10.35,10.42,10.33,10.69,10.315,84,10.53,10.34,10.5898,10.21
ET,10.33,10.18,10.405,10.33,10.065,85,10.35,10.42,10.69,10.315
ET,10.2,10.31,10.33,10.405,10.13,86,10.33,10.18,10.33,10.065
ET,10.29,10.1,10.06,10.33,10.06,87,10.2,10.31,10.405,10.13
ET,10.01,9.82,9.84,10.06,9.73,88,10.29,10.1,10.33,10.06
ET,9.53,9.75,9.87,9.84,9.51,89,10.01,9.82,10.06,9.73
GOOS,45.2,48.26,49.6,49.36,44.92,1,40.08,40.43,40.59,39.73
GOOS,47.89,49.37,50.94,49.6,46.88,2,45.2,48.26,49.36,44.92
GOOS,49.12,50.39,50.09,50.94,48.79,3,47.89,49.37,49.6,46.88
GOOS,49.31,47.85,49.33,50.09,47.275,4,49.12,50.39,50.94,48.79
GOOS,48.19,49.2,51.35,49.33,47.61,5,49.31,47.85,50.09,47.275
GOOS,49.57,50.6,51.87,51.35,49.28,6,48.19,49.2,49.33,47.61
GOOS,50.56,51.83,53.64,51.87,50.29,7,49.57,50.6,51.35,49.28
GOOS,51.61,53.08,53.165,53.64,51.35,8,50.56,51.83,51.87,50.29
GOOS,52.83,51.63,52.49,53.165,50.62,9,51.61,53.08,53.64,51.35
GOOS,51.855,51.11,52.07,52.49,50.51,10,52.83,51.63,53.165,50.62
GOOS,51.1,51.2,51.5,52.07,50.915,11,51.855,51.11,52.49,50.51
GOOS,51.34,49.4,49.71,51.5,49.39,12,51.1,51.2,52.07,50.915
GOOS,49.07,48.78,48.4062,49.71,48.124,13,51.34,49.4,51.5,49.39
GOOS,48.36,48.27,47.4,48.4062,47.23,14,49.07,48.78,49.71,48.124
GOOS,46.96,45.9,46.7,47.4,45.69,15,48.36,48.27,48.4062,47.23
GOOS,46.54,45.94,46.14,46.7,45.45,16,46.96,45.9,47.4,45.69
GOOS,45.48,44.59,45.85,46.14,43.69,17,46.54,45.94,46.7,45.45
GOOS,45.59,41.28,41.69,45.85,41.22,18,45.48,44.59,46.14,43.69
GOOS,41.3,39.41,39.76,41.69,38.77,19,45.59,41.28,45.85,41.22
GOOS,39.75,36.55,37.71,39.76,35.88,20,41.3,39.41,41.69,38.77
GOOS,36.76,37.5,41.55,37.71,35.61,21,39.75,36.55,39.76,35.88
GOOS,38.38,40.73,40.99,41.55,38.38,22,36.76,37.5,37.71,35.61
GOOS,40.76,40.76,41.03,40.99,39.41,23,38.38,40.73,41.55,38.38
GOOS,40.56,39.43,39.95,41.03,39.18,24,40.76,40.76,40.99,39.41
GOOS,39.69,38.82,38.82,39.95,38.34,25,40.56,39.43,41.03,39.18
GOOS,38.66,37.5,37.95,38.82,37.06,26,39.69,38.82,39.95,38.34
GOOS,37.56,37.4,37.6,37.95,36.48,27,38.66,37.5,38.82,37.06
GOOS,36.91,37.39,37.9995,37.6,36.03,28,37.56,37.4,37.95,36.48
GOOS,37.72,35.83,36.9,37.9995,35.8,29,36.91,37.39,37.6,36.03
GOOS,35.62,36.44,35.66,36.9,35.08,30,37.72,35.83,37.9995,35.8
GOOS,35.5,34.93,36.61,35.66,34.515,31,35.62,36.44,36.9,35.08
GOOS,35.49,36.51,37.035,36.61,35.4,32,35.5,34.93,35.66,34.515
GOOS,36.25,36.82,37.34,37.035,36.23,33,35.49,36.51,36.61,35.4
GOOS,36.85,37.3,37.54,37.34,36.56,34,36.25,36.82,37.035,36.23
GOOS,37.47,37.3,37.69,37.54,36.81,35,36.85,37.3,37.34,36.56
GOOS,37.61,36.62,36.88,37.69,36.28,36,37.47,37.3,37.54,36.81
GOOS,36.68,36.46,37.63,36.88,36.28,37,37.61,36.62,37.69,36.28
GOOS,36.49,36.75,37.45,37.63,36.43,38,36.68,36.46,36.88,36.28
GOOS,37.17,37.06,38.12,37.45,36.56,39,36.49,36.75,37.63,36.43
GOOS,37.51,37.48,37.93,38.12,37.08,40,37.17,37.06,37.45,36.56
GOOS,37.71,37.11,37.88,37.93,36.5,41,37.51,37.48,38.12,37.08
GOOS,37.4,35.69,36.81,37.88,35.63,42,37.71,37.11,37.93,36.5
GOOS,36.33,36.46,35.75,36.81,35.34,43,37.4,35.69,37.88,35.63
GOOS,35.62,34.38,33.895,35.75,33.78,44,36.33,36.46,36.81,35.34
GOOS,33.82,33.47,34.37,33.895,32.89,45,35.62,34.38,35.75,33.78
GOOS,33.47,34.06,35.13,34.37,33.24,46,33.82,33.47,33.895,32.89
GOOS,34.66,33.9,34.25,35.13,33.73,47,33.47,34.06,34.37,33.24
GOOS,34.14,33.03,33.02,34.25,32.87,48,34.66,33.9,35.13,33.73
GOOS,32.64,32.33,32.47,33.02,31.68,49,34.14,33.03,34.25,32.87
GOOS,32.38,31.85,32.7,32.47,31.59,50,32.64,32.33,33.02,31.68
GOOS,32.09,31.26,32.24,32.7,31.25,51,32.38,31.85,32.47,31.59
GOOS,31.705,30.6,30.68,32.24,30.59,52,32.09,31.26,32.7,31.25
GOOS,30.26,30.05,30.46,30.68,29.63,53,31.705,30.6,32.24,30.59
GOOS,29.13,30.14,30.68,30.46,28.17,54,30.26,30.05,30.68,29.63
GOOS,29.525,30.25,31.14,30.68,29.16,55,29.13,30.14,30.46,28.17
GOOS,31.02,29.07,30.26,31.14,28.74,56,29.525,30.25,30.68,29.16
GOOS,29.88,29.51,29.72,30.26,28.97,57,31.02,29.07,31.14,28.74
GOOS,29.66,29.45,30.79,29.72,28.36,58,29.88,29.51,30.26,28.97
GOOS,29.43,30.71,32.32,30.79,29.36,59,29.66,29.45,29.72,28.36
GOOS,31.12,32.28,32.85,32.32,30.71,60,29.43,30.71,30.79,29.36
GOOS,32.67,31.53,31.55,32.85,31.24,61,31.12,32.28,32.32,30.71
GOOS,31.07,30.28,31.3887,31.55,30.16,62,32.67,31.53,32.85,31.24
GOOS,30.16,31.14,31.89,31.3887,30.06,63,31.07,30.28,31.55,30.16
GOOS,30.52,31.65,32.96,31.89,30.24,64,30.16,31.14,31.3887,30.06
GOOS,31.31,32.87,34.45,32.96,31.265,65,30.52,31.65,31.89,30.24
GOOS,33.77,34.31,29.6,34.45,33.15,66,31.31,32.87,32.96,31.265
GOOS,28.0,28.73,28.94,29.6,27.02,67,33.77,34.31,34.45,33.15
GOOS,28.79,26.9,28.23,28.94,26.52,68,28.0,28.73,29.6,27.02
GOOS,27.01,27.76,29.98,28.23,26.98,69,28.79,26.9,28.94,26.52
GOOS,28.4,29.58,30.6,29.98,28.3,70,27.01,27.76,28.23,26.98
GOOS,29.13,30.42,30.74,30.6,29.03,71,28.4,29.58,29.98,28.3
GOOS,30.06,29.14,29.59,30.74,29.0716,72,29.13,30.42,30.6,29.03
GOOS,29.41,28.34,28.14,29.59,28.14,73,30.06,29.14,30.74,29.0716
GOOS,27.56,26.41,27.1,28.14,26.3,74,29.41,28.34,29.59,28.14
GOOS,26.84,25.41,26.76,27.1,25.37,75,27.56,26.41,28.14,26.3
GOOS,24.2,26.69,26.74,26.76,24.0,76,26.84,25.41,27.1,25.37
GOOS,26.66,26.73,26.95,26.74,25.36,77,24.2,26.69,26.76,24.0
GOOS,26.61,26.1,26.23,26.95,26.06,78,26.66,26.73,26.74,25.36
GOOS,26.11,25.17,26.315,26.23,24.98,79,26.61,26.1,26.95,26.06
GOOS,25.34,26.19,26.22,26.315,25.05,80,26.11,25.17,26.23,24.98
GOOS,26.05,25.31,25.37,26.22,25.11,81,25.34,26.19,26.315,25.05
GOOS,25.03,24.09,24.23,25.37,23.81,82,26.05,25.31,26.22,25.11
GOOS,23.925,21.7,23.3,24.23,21.68,83,25.03,24.09,25.37,23.81
GOOS,21.95,22.42,23.78,23.3,21.71,84,23.925,21.7,24.23,21.68
GOOS,23.29,23.43,23.92,23.78,23.1,85,21.95,22.42,23.3,21.71
GOOS,23.08,23.46,23.89,23.92,22.77,86,23.29,23.43,23.78,23.1
GOOS,23.82,22.52,22.7101,23.89,22.5,87,23.08,23.46,23.92,22.77
GOOS,22.44,21.3,21.99,22.7101,21.2,88,23.82,22.52,23.89,22.5
GOOS,21.54,21.89,23.65,21.99,21.225,89,22.44,21.3,22.7101,21.2
OKE,64.21,64.72,65.5,64.75,63.89,1,64.9,63.44,64.97,62.63
OKE,64.89,64.88,64.88,65.5,64.6,2,64.21,64.72,64.75,63.89
OKE,64.76,64.67,64.84,64.88,63.75,3,64.89,64.88,65.5,64.6
OKE,64.43,62.86,63.53,64.84,62.035,4,64.76,64.67,64.88,63.75
OKE,62.7,63.35,63.35,63.53,62.62,5,64.43,62.86,64.84,62.035
OKE,62.92,63.09,63.61,63.35,62.495,6,62.7,63.35,63.53,62.62
OKE,63.15,63.36,63.81,63.61,62.27,7,62.92,63.09,63.35,62.495
OKE,63.51,63.16,64.07,63.81,62.57,8,63.15,63.36,63.61,62.27
OKE,62.88,63.5,64.0,64.07,62.74,9,63.51,63.16,63.81,62.57
OKE,63.46,63.55,62.89,64.0,62.62,10,62.88,63.5,64.07,62.74
OKE,62.39,61.38,62.95,62.89,61.21,11,63.46,63.55,64.0,62.62
OKE,61.46,61.94,64.22,62.95,61.3,12,62.39,61.38,62.89,61.21
OKE,63.0,64.01,64.91,64.22,62.765,13,61.46,61.94,62.95,61.3
OKE,63.72,64.81,63.03,64.91,63.52,14,63.0,64.01,64.22,62.765
OKE,61.98,62.47,63.8592,63.03,60.81,15,63.72,64.81,64.91,63.52
OKE,63.73,62.46,61.62,63.8592,62.2,16,61.98,62.47,63.03,60.81
OKE,61.12,59.84,61.79,61.62,59.58,17,63.73,62.46,63.8592,62.2
OKE,61.41,58.65,60.91,61.79,58.63,18,61.12,59.84,61.62,59.58
OKE,58.8,60.69,61.72,60.91,57.7,19,61.41,58.65,61.79,58.63
OKE,61.39,60.01,61.63,61.72,59.52,20,58.8,60.69,60.91,57.7
OKE,60.69,60.89,63.365,61.63,59.68,21,61.39,60.01,61.72,59.52
OKE,61.99,62.68,63.17,63.365,61.75,22,60.69,60.89,61.63,59.68
OKE,63.1,62.36,62.18,63.17,62.35,23,61.99,62.68,63.365,61.75
OKE,61.76,61.73,62.42,62.18,61.395,24,63.1,62.36,63.17,62.35
OKE,62.34,62.0,61.59,62.42,61.08,25,61.76,61.73,62.18,61.395
OKE,61.47,60.2,60.8197,61.59,59.86,26,62.34,62.0,62.42,61.08
OKE,59.94,59.37,59.97,60.8197,59.04,27,61.47,60.2,61.59,59.86
OKE,59.52,59.56,60.15,59.97,57.98,28,59.94,59.37,60.8197,59.04
OKE,59.27,58.31,58.45,60.15,58.14,29,59.52,59.56,59.97,57.98
OKE,57.92,57.85,57.36,58.45,56.83,30,59.27,58.31,60.15,58.14
OKE,56.74,56.53,58.24,57.36,55.65,31,57.92,57.85,58.45,56.83
OKE,57.37,57.91,58.07,58.24,57.25,32,56.74,56.53,57.36,55.65
OKE,57.81,57.78,58.595,58.07,57.02,33,57.37,57.91,58.24,57.25
OKE,58.4,58.02,59.47,58.595,58.01,34,57.81,57.78,58.07,57.02
OKE,58.0,59.41,59.75,59.47,57.7701,35,58.4,58.02,58.595,58.01
OKE,59.41,59.4,59.2,59.75,58.85,36,58.0,59.41,59.47,57.7701
OKE,58.91,58.77,59.05,59.2,58.39,37,59.41,59.4,59.75,58.85
OKE,58.77,58.48,59.12,59.05,58.441,38,58.91,58.77,59.2,58.39
OKE,58.27,58.76,60.08,59.12,58.25,39,58.77,58.48,59.05,58.441
OKE,58.93,59.99,61.745,60.08,58.79,40,58.27,58.76,59.12,58.25
OKE,60.63,61.4,62.3,61.745,60.45,41,58.93,59.99,60.08,58.79
OKE,62.1,60.64,62.35,62.3,60.54,42,60.63,61.4,61.745,60.45
OKE,62.25,61.65,62.559,62.35,60.68,43,62.1,60.64,62.3,60.54
OKE,61.78,62.46,62.275,62.559,61.4,44,62.25,61.65,62.35,60.68
OKE,61.93,60.78,62.545,62.275,59.76,45,61.78,62.46,62.559,61.4
OKE,61.21,62.48,63.55,62.545,60.4,46,61.93,60.78,62.275,59.76
OKE,62.94,62.5,63.05,63.55,62.35,47,61.21,62.48,62.545,60.4
OKE,62.5,61.65,62.77,63.05,61.43,48,62.94,62.5,63.55,62.35
OKE,61.8,62.61,63.1,62.77,61.54,49,62.5,61.65,63.05,61.43
OKE,63.0,61.42,62.0,63.1,60.62,50,61.8,62.61,62.77,61.54
OKE,61.97,60.21,61.17,62.0,60.19,51,63.0,61.42,63.1,60.62
OKE,59.8,59.39,59.61,61.17,59.26,52,61.97,60.21,62.0,60.19
OKE,58.81,58.53,58.841,59.61,58.03,53,59.8,59.39,61.17,59.26
OKE,57.16,58.63,60.11,58.841,55.55,54,58.81,58.53,59.61,58.03
OKE,58.1,59.59,61.6384,60.11,57.0,55,57.16,58.63,58.841,55.55
OKE,60.33,59.85,61.47,61.6384,59.16,56,58.1,59.59,60.11,57.0
OKE,60.97,60.17,59.35,61.47,59.11,57,60.33,59.85,61.6384,59.16
OKE,59.14,59.29,60.7,59.35,57.555,58,60.97,60.17,61.47,59.11
OKE,59.04,60.68,62.0,60.7,58.61,59,59.14,59.29,59.35,57.555
OKE,60.16,61.87,63.04,62.0,59.7,60,59.04,60.68,60.7,58.61
OKE,61.75,62.89,62.58,63.04,61.53,61,60.16,61.87,62.0,59.7
OKE,62.21,62.07,63.47,62.58,61.43,62,61.75,62.89,63.04,61.53
OKE,62.39,62.89,63.85,63.47,62.17,63,62.21,62.07,62.58,61.43
OKE,62.8,63.26,63.38,63.85,62.47,64,62.39,62.89,63.47,62.17
OKE,63.38,62.73,64.27,63.38,62.1,65,62.8,63.26,63.85,62.47
OKE,63.06,63.64,64.8,64.27,62.91,66,63.38,62.73,63.38,62.1
OKE,63.265,63.02,64.6,64.8,62.51,67,63.06,63.64,64.27,62.91
OKE,63.29,64.51,64.39,64.6,62.94,68,63.265,63.02,64.8,62.51
OKE,64.39,62.92,63.0599,64.39,62.66,69,63.29,64.51,64.6,62.94
OKE,62.34,62.43,63.54,63.0599,62.02,70,64.39,62.92,64.39,62.66
OKE,62.84,62.65,63.0599,63.54,62.13,71,62.34,62.43,63.0599,62.02
OKE,62.77,62.6,62.75,63.0599,62.06,72,62.84,62.65,63.54,62.13
OKE,61.95,61.81,63.12,62.75,61.45,73,62.77,62.6,63.0599,62.06
OKE,63.09,60.16,61.39,63.12,59.23,74,61.95,61.81,62.75,61.45
OKE,60.58,60.78,61.64,61.39,60.18,75,63.09,60.16,63.12,59.23
OKE,61.14,61.53,64.03,61.64,59.64,76,60.58,60.78,61.39,60.18
OKE,61.88,64.0,65.73,64.03,61.66,77,61.14,61.53,61.64,59.64
OKE,63.49,65.3,65.73,65.73,63.37,78,61.88,64.0,64.03,61.66
OKE,65.67,63.82,67.55,65.73,62.92,79,63.49,65.3,65.73,63.37
OKE,65.05,67.09,68.07,67.55,64.6211,80,65.67,63.82,65.73,62.92
OKE,67.07,67.71,68.49,68.07,66.54,81,65.05,67.09,67.55,64.6211
OKE,67.39,68.42,69.9,68.49,67.11,82,67.07,67.71,68.07,66.54
OKE,68.97,68.51,69.9,69.9,67.11,83,67.39,68.42,68.49,67.11
OKE,69.74,66.74,67.73,69.9,66.32,84,68.97,68.51,69.9,67.11
OKE,66.07,66.61,67.82,67.73,65.31,85,69.74,66.74,69.9,66.32
OKE,66.95,67.51,67.94,67.82,66.6,86,66.07,66.61,67.73,65.31
OKE,67.26,66.06,66.45,67.94,66.025,87,66.95,67.51,67.82,66.6
OKE,65.56,64.52,64.56,66.45,63.46,88,67.26,66.06,67.94,66.025
OKE,63.23,64.26,64.86,64.56,62.2,89,65.56,64.52,66.45,63.46
KAR,14.15,14.66,14.95,14.87,14.11,1,14.66,14.05,14.91,13.971
KAR,14.78,14.54,14.64,14.95,14.43,2,14.15,14.66,14.87,14.11
KAR,14.49,14.54,14.985,14.64,14.18,3,14.78,14.54,14.95,14.43
KAR,14.5,14.75,14.995,14.985,14.505,4,14.49,14.54,14.64,14.18
KAR,14.75,14.96,15.23,14.995,14.62,5,14.5,14.75,14.985,14.505
KAR,14.9,15.02,15.64,15.23,14.885,6,14.75,14.96,14.995,14.62
KAR,15.06,15.41,15.59,15.64,15.06,7,14.9,15.02,15.23,14.885
KAR,15.35,15.48,15.785,15.59,15.28,8,15.06,15.41,15.64,15.06
KAR,15.425,15.75,15.845,15.785,15.1401,9,15.35,15.48,15.59,15.28
KAR,15.82,15.08,14.93,15.845,14.9805,10,15.425,15.75,15.785,15.1401
KAR,14.89,14.8,15.18,14.93,14.765,11,15.82,15.08,15.845,14.9805
KAR,14.77,15.01,15.2,15.18,14.65,12,14.89,14.8,14.93,14.765
KAR,14.93,15.05,15.11,15.2,14.88,13,14.77,15.01,15.18,14.65
KAR,15.03,14.95,16.19,15.11,14.87,14,14.93,15.05,15.2,14.88
KAR,15.86,15.5,15.845,16.19,15.295,15,15.03,14.95,15.11,14.87
KAR,15.61,15.44,15.505,15.845,15.25,16,15.86,15.5,16.19,15.295
KAR,15.42,14.99,15.36,15.505,14.77,17,15.61,15.44,15.845,15.25
KAR,15.235,14.43,15.76,15.36,14.41,18,15.42,14.99,15.505,14.77
KAR,14.37,15.67,16.69,15.76,14.39,19,15.235,14.43,15.36,14.41
KAR,15.88,16.63,16.89,16.69,15.76,20,14.37,15.67,15.76,14.39
KAR,16.85,16.13,16.62,16.89,16.13,21,15.88,16.63,16.69,15.76
KAR,16.31,16.51,16.69,16.62,16.16,22,16.85,16.13,16.89,16.13
KAR,16.61,16.51,16.51,16.69,16.43,23,16.31,16.51,16.62,16.16
KAR,16.5,15.97,16.115,16.51,15.94,24,16.61,16.51,16.69,16.43
KAR,16.09,16.04,16.24,16.115,15.8,25,16.5,15.97,16.51,15.94
KAR,15.98,15.61,15.8,16.24,15.535,26,16.09,16.04,16.115,15.8
KAR,15.56,15.18,15.49,15.8,15.12,27,15.98,15.61,16.24,15.535
KAR,15.1,15.4,15.52,15.49,14.67,28,15.56,15.18,15.8,15.12
KAR,15.39,15.0,15.465,15.52,14.695,29,15.1,15.4,15.49,14.67
KAR,14.93,15.35,15.27,15.465,14.8346,30,15.39,15.0,15.52,14.695
KAR,14.96,15.05,15.56,15.27,14.59,31,14.93,15.35,15.465,14.8346
KAR,15.31,15.36,15.515,15.56,15.121,32,14.96,15.05,15.27,14.59
KAR,15.38,15.49,15.72,15.515,15.24,33,15.31,15.36,15.56,15.121
KAR,15.53,15.53,15.81,15.72,15.44,34,15.38,15.49,15.515,15.24
KAR,15.53,15.8,15.965,15.81,15.38,35,15.53,15.53,15.72,15.44
KAR,15.69,15.85,15.95,15.965,15.67,36,15.53,15.8,15.81,15.38
KAR,15.82,15.64,15.86,15.95,15.59,37,15.69,15.85,15.965,15.67
KAR,15.67,15.5,15.68,15.86,15.49,38,15.82,15.64,15.95,15.59
KAR,15.51,15.62,16.235,15.68,15.4003,39,15.67,15.5,15.86,15.49
KAR,15.725,15.87,16.46,16.235,15.705,40,15.51,15.62,15.68,15.4003
KAR,15.97,16.43,17.13,16.46,15.9,41,15.725,15.87,16.235,15.705
KAR,16.48,16.47,16.58,17.13,16.33,42,15.97,16.43,16.46,15.9
KAR,16.45,16.3,16.82,16.58,16.14,43,16.48,16.47,17.13,16.33
KAR,16.36,16.7,16.73,16.82,16.28,44,16.45,16.3,16.58,16.14
KAR,16.57,16.66,16.72,16.73,16.27,45,16.36,16.7,16.82,16.28
KAR,16.65,16.59,16.8,16.72,16.23,46,16.57,16.66,16.73,16.27
KAR,16.64,16.66,17.0,16.8,16.49,47,16.65,16.59,16.72,16.23
KAR,16.68,16.66,16.51,17.0,16.61,48,16.64,16.66,16.8,16.49
KAR,16.26,16.33,16.24,16.51,16.07,49,16.68,16.66,17.0,16.61
KAR,16.13,15.26,15.5,16.24,15.22,50,16.26,16.33,16.51,16.07
KAR,15.21,15.43,15.68,15.5,15.08,51,16.13,15.26,16.24,15.22
KAR,15.58,14.78,14.96,15.68,14.75,52,15.21,15.43,15.5,15.08
KAR,14.59,14.63,15.475,14.96,14.44,53,15.58,14.78,15.68,14.75
KAR,14.34,15.39,15.46,15.475,14.27,54,14.59,14.63,14.96,14.44
KAR,14.97,15.36,15.66,15.46,14.67,55,14.34,15.39,15.475,14.27
KAR,15.4,14.66,14.75,15.66,14.5,56,14.97,15.36,15.46,14.67
KAR,14.67,14.21,14.4,14.75,14.07,57,15.4,14.66,15.66,14.5
KAR,14.12,14.29,14.415,14.4,13.93,58,14.67,14.21,14.75,14.07
KAR,14.3,14.22,14.53,14.415,14.07,59,14.12,14.29,14.4,13.93
KAR,14.23,14.36,14.56,14.53,13.97,60,14.3,14.22,14.415,14.07
KAR,14.39,14.24,14.34,14.56,14.095,61,14.23,14.36,14.53,13.97
KAR,14.15,13.64,13.65,14.34,13.555,62,14.39,14.24,14.56,14.095
KAR,13.62,13.11,13.35,13.65,12.955,63,14.15,13.64,14.34,13.555
KAR,13.21,13.04,13.29,13.35,13.04,64,13.62,13.11,13.65,12.955
KAR,13.01,12.98,13.31,13.29,12.895,65,13.21,13.04,13.35,13.04
KAR,13.15,13.0,12.975,13.31,12.97,66,13.01,12.98,13.29,12.895
KAR,12.77,12.44,12.52,12.975,12.345,67,13.15,13.0,13.31,12.97
KAR,12.39,11.89,12.3,12.52,11.755,68,12.77,12.44,12.975,12.345
KAR,11.84,12.22,12.84,12.3,11.79,69,12.39,11.89,12.52,11.755
KAR,12.44,12.78,12.91,12.84,12.35,70,11.84,12.22,12.3,11.79
KAR,12.78,12.36,14.3,12.91,12.26,71,12.44,12.78,12.84,12.35
KAR,14.08,14.13,14.25,14.3,13.5,72,12.78,12.36,12.91,12.26
KAR,14.13,13.97,14.18,14.25,13.785,73,14.08,14.13,14.3,13.5
KAR,13.86,13.83,14.06,14.18,13.68,74,14.13,13.97,14.25,13.785
KAR,13.92,13.55,13.755,14.06,13.52,75,13.86,13.83,14.18,13.68
KAR,13.16,13.69,22.1,13.755,13.12,76,13.92,13.55,14.06,13.52
KAR,21.0,18.94,18.97,22.1,18.3902,77,13.16,13.69,13.755,13.12
KAR,18.6,18.46,18.51,18.97,18.13,78,21.0,18.94,22.1,18.3902
KAR,18.33,18.08,18.81,18.51,17.76,79,18.6,18.46,18.97,18.13
KAR,18.26,18.25,18.55,18.81,18.17,80,18.33,18.08,18.51,17.76
KAR,18.2,18.01,17.89,18.55,17.805,81,18.26,18.25,18.81,18.17
KAR,17.7,17.89,18.1,17.89,17.5,82,18.2,18.01,18.55,17.805
KAR,17.68,17.91,18.07,18.1,17.67,83,17.7,17.89,17.89,17.5
KAR,17.88,17.42,18.3775,18.07,17.42,84,17.68,17.91,18.1,17.67
KAR,17.83,18.0,18.132,18.3775,17.79,85,17.88,17.42,18.07,17.42
KAR,17.69,17.97,18.07,18.132,17.5,86,17.83,18.0,18.3775,17.79
KAR,17.86,17.67,18.045,18.07,17.66,87,17.69,17.97,18.132,17.5
KAR,17.63,17.68,18.39,18.045,17.58,88,17.86,17.67,18.07,17.66
KAR,17.86,18.29,18.78,18.39,17.85,89,17.63,17.68,18.045,17.58
SBSW,14.22,14.23,14.225,14.24,13.8,1,14.54,14.23,14.65,14.14
SBSW,14.06,14.18,13.98,14.225,13.95,2,14.22,14.23,14.24,13.8
SBSW,13.93,13.88,14.7,13.98,13.7132,3,14.06,14.18,14.225,13.95
SBSW,14.18,14.15,15.23,14.7,14.07,4,13.93,13.88,13.98,13.7132
SBSW,14.785,14.89,14.575,15.23,14.76,5,14.18,14.15,14.7,14.07
SBSW,14.38,14.44,14.59,14.575,14.275,6,14.785,14.89,15.23,14.76
SBSW,14.37,14.46,14.665,14.59,14.33,7,14.38,14.44,14.575,14.275
SBSW,14.5,14.46,14.6399,14.665,14.41,8,14.37,14.46,14.59,14.33
SBSW,14.33,14.28,14.0425,14.6399,14.205,9,14.5,14.46,14.665,14.41
SBSW,13.93,13.81,13.535,14.0425,13.77,10,14.33,14.28,14.6399,14.205
SBSW,13.285,13.31,13.3899,13.535,13.27,11,13.93,13.81,14.0425,13.77
SBSW,13.12,13.06,13.045,13.3899,12.92,12,13.285,13.31,13.535,13.27
SBSW,12.91,12.89,12.84,13.045,12.81,13,13.12,13.06,13.3899,12.92
SBSW,12.55,12.82,12.04,12.84,12.5,14,12.91,12.89,13.045,12.81
SBSW,11.87,11.94,12.505,12.04,11.56,15,12.55,12.82,12.84,12.5
SBSW,12.13,12.5,12.84,12.505,11.95,16,11.87,11.94,12.04,11.56
SBSW,12.62,12.44,13.05,12.84,12.19,17,12.13,12.5,12.505,11.95
SBSW,12.93,12.16,12.82,13.05,12.16,18,12.62,12.44,12.84,12.19
SBSW,12.75,12.76,12.925,12.82,12.43,19,12.93,12.16,13.05,12.16
SBSW,12.85,12.71,12.82,12.925,12.5612,20,12.75,12.76,12.82,12.43
SBSW,12.73,12.78,12.91,12.82,12.505,21,12.85,12.71,12.925,12.5612
SBSW,12.86,12.72,12.79,12.91,12.635,22,12.73,12.78,12.82,12.505
SBSW,12.73,12.71,12.5,12.79,12.62,23,12.86,12.72,12.91,12.635
SBSW,12.46,12.2,12.24,12.5,12.16,24,12.73,12.71,12.79,12.62
SBSW,12.23,12.1,12.26,12.24,12.0,25,12.46,12.2,12.5,12.16
SBSW,12.1,12.08,12.25,12.26,11.98,26,12.23,12.1,12.24,12.0
SBSW,12.0,12.05,11.88,12.25,11.9,27,12.1,12.08,12.26,11.98
SBSW,11.86,11.51,12.325,11.88,11.15,28,12.0,12.05,12.25,11.9
SBSW,11.82,12.29,12.33,12.325,11.78,29,11.86,11.51,11.88,11.15
SBSW,12.27,12.13,11.985,12.33,12.08,30,11.82,12.29,12.325,11.78
SBSW,11.89,11.92,12.51,11.985,11.72,31,12.27,12.13,12.33,12.08
SBSW,12.28,12.43,12.69,12.51,12.23,32,11.89,11.92,11.985,11.72
SBSW,12.28,12.69,12.8972,12.69,12.23,33,12.28,12.43,12.51,12.23
SBSW,12.53,12.83,12.93,12.8972,12.435,34,12.28,12.69,12.69,12.23
SBSW,12.73,12.8,12.75,12.93,12.6139,35,12.53,12.83,12.8972,12.435
SBSW,12.59,12.47,12.7082,12.75,12.45,36,12.73,12.8,12.93,12.6139
SBSW,12.45,12.5,12.65,12.7082,12.42,37,12.59,12.47,12.75,12.45
SBSW,12.5,12.62,12.59,12.65,12.42,38,12.45,12.5,12.7082,12.42
SBSW,12.555,12.54,12.68,12.59,12.315,39,12.5,12.62,12.65,12.42
SBSW,12.46,12.52,13.045,12.68,12.39,40,12.555,12.54,12.59,12.315
SBSW,12.82,12.83,13.25,13.045,12.735,41,12.46,12.52,12.68,12.39
SBSW,13.125,12.8,12.875,13.25,12.79,42,12.82,12.83,13.045,12.735
SBSW,12.745,12.69,13.1399,12.875,12.5409,43,13.125,12.8,13.25,12.79
SBSW,12.73,13.09,13.53,13.1399,12.72,44,12.745,12.69,12.875,12.5409
SBSW,13.32,13.52,14.62,13.53,13.08,45,12.73,13.09,13.1399,12.72
SBSW,14.19,14.62,15.03,14.62,14.08,46,13.32,13.52,13.53,13.08
SBSW,14.99,14.98,14.935,15.03,14.7234,47,14.19,14.62,14.62,14.08
SBSW,14.9,14.61,14.695,14.935,14.55,48,14.99,14.98,15.03,14.7234
SBSW,14.58,14.56,14.5599,14.695,14.38,49,14.9,14.61,14.935,14.55
SBSW,14.38,14.25,15.67,14.5599,14.19,50,14.58,14.56,14.695,14.38
SBSW,14.93,15.53,15.99,15.67,14.9,51,14.38,14.25,14.5599,14.19
SBSW,15.85,15.49,15.65,15.99,15.435,52,14.93,15.53,15.67,14.9
SBSW,15.63,15.2,14.74,15.65,15.09,53,15.85,15.49,15.99,15.435
SBSW,14.33,14.7,15.21,14.74,13.885,54,15.63,15.2,15.65,15.09
SBSW,14.6,15.08,15.75,15.21,14.48,55,14.33,14.7,14.74,13.885
SBSW,15.52,15.17,15.2,15.75,14.995,56,14.6,15.08,15.21,14.48
SBSW,14.84,14.58,14.27,15.2,14.565,57,15.52,15.17,15.75,14.995
SBSW,14.21,14.19,15.03,14.27,13.835,58,14.84,14.58,15.2,14.565
SBSW,14.5,14.99,15.21,15.03,14.45,59,14.21,14.19,14.27,13.835
SBSW,15.21,14.98,14.915,15.21,14.83,60,14.5,14.99,15.03,14.45
SBSW,14.79,14.68,14.925,14.915,14.56,61,15.21,14.98,15.21,14.83
SBSW,14.8,14.66,15.05,14.925,14.615,62,14.79,14.68,14.915,14.56
SBSW,14.73,15.0,15.435,15.05,14.72,63,14.8,14.66,14.925,14.615
SBSW,15.03,15.29,15.49,15.435,14.85,64,14.73,15.0,15.05,14.72
SBSW,15.39,15.43,15.34,15.49,15.22,65,15.03,15.29,15.435,14.85
SBSW,15.25,15.27,15.67,15.34,15.15,66,15.39,15.43,15.49,15.22
SBSW,15.19,14.88,16.52,15.67,14.85,67,15.25,15.27,15.34,15.15
SBSW,15.4,16.42,16.53,16.52,15.36,68,15.19,14.88,15.67,14.85
SBSW,16.26,16.38,15.64,16.53,16.021,69,15.4,16.42,16.52,15.36
SBSW,15.4,15.57,16.54,15.64,15.09,70,16.26,16.38,16.53,16.021
SBSW,15.85,16.47,17.26,16.54,15.8,71,15.4,15.57,15.64,15.09
SBSW,16.91,17.13,16.85,17.26,16.6475,72,15.85,16.47,16.54,15.8
SBSW,16.75,16.52,17.3,16.85,16.36,73,16.91,17.13,17.26,16.6475
SBSW,17.06,16.78,17.76,17.3,16.56,74,16.75,16.52,16.85,16.36
SBSW,17.04,17.41,18.47,17.76,16.88,75,17.06,16.78,17.3,16.56
SBSW,18.0,17.43,17.38,18.47,17.165,76,17.04,17.41,17.76,16.88
SBSW,17.03,17.38,19.16,17.38,16.54,77,18.0,17.43,18.47,17.165
SBSW,18.53,19.12,20.13,19.16,18.14,78,17.03,17.38,17.38,16.54
SBSW,19.24,19.77,19.91,20.13,19.21,79,18.53,19.12,19.16,18.14
SBSW,19.79,19.37,19.65,19.91,19.015,80,19.24,19.77,20.13,19.21
SBSW,18.86,19.26,20.37,19.65,18.78,81,19.79,19.37,19.91,19.015
SBSW,18.72,20.11,20.64,20.37,18.6744,82,18.86,19.26,19.65,18.78
SBSW,19.88,20.32,19.45,20.64,19.47,83,18.72,20.11,20.37,18.6744
SBSW,18.96,18.75,18.7387,19.45,17.86,84,19.88,20.32,20.64,19.47
SBSW,17.48,18.4,18.65,18.7387,17.4,85,18.96,18.75,19.45,17.86
SBSW,18.11,18.45,18.085,18.65,17.86,86,17.48,18.4,18.7387,17.4
SBSW,17.79,17.7,17.2,18.085,17.59,87,18.11,18.45,18.65,17.86
SBSW,16.8,16.49,17.3,17.2,16.27,88,17.79,17.7,18.085,17.59
SBSW,16.16,17.14,17.44,17.3,16.13,89,16.8,16.49,17.2,16.27
DKS,131.75,129.65,131.97,132.16,128.37,1,130.99,129.53,133.99,128.85
DKS,131.07,130.34,137.98,131.97,129.595,2,131.75,129.65,132.16,128.37
DKS,130.94,135.13,133.57,137.98,130.4,3,131.07,130.34,131.97,129.595
DKS,133.41,130.08,132.2877,133.57,127.76,4,130.94,135.13,137.98,130.4
DKS,130.11,130.36,131.85,132.2877,129.88,5,133.41,130.08,133.57,127.76
DKS,131.0,131.18,135.28,131.85,130.1,6,130.11,130.36,132.2877,129.88
DKS,133.3,134.44,139.37,135.28,131.9232,7,131.0,131.18,131.85,130.1
DKS,133.91,138.05,138.61,139.37,133.225,8,133.3,134.44,135.28,131.9232
DKS,138.43,135.02,140.34,138.61,132.905,9,133.91,138.05,139.37,133.225
DKS,138.45,140.25,140.5,140.34,136.75,10,138.43,135.02,138.61,132.905
DKS,139.03,138.59,142.78,140.5,136.42,11,138.45,140.25,140.34,136.75
DKS,141.21,140.28,135.6,142.78,137.26,12,139.03,138.59,140.5,136.42
DKS,132.06,134.55,132.7485,135.6,123.3,13,141.21,140.28,142.78,137.26
DKS,132.31,127.3,128.71,132.7485,126.5,14,132.06,134.55,135.6,123.3
DKS,125.45,128.5,130.67,128.71,123.56,15,132.31,127.3,132.7485,126.5
DKS,130.4,122.9,123.41,130.67,122.4,16,125.45,128.5,128.71,123.56
DKS,121.81,117.56,119.875,123.41,116.88,17,130.4,122.9,130.67,122.4
DKS,119.05,114.55,117.8917,119.875,114.46,18,121.81,117.56,123.41,116.88
DKS,115.5,113.91,115.0802,117.8917,113.33,19,119.05,114.55,119.875,114.46
DKS,114.83,110.87,111.0,115.0802,107.9,20,115.5,113.91,117.8917,113.33
DKS,110.44,106.84,111.64,111.0,105.69,21,114.83,110.87,115.0802,107.9
DKS,109.0,108.82,112.03,111.64,108.55,22,110.44,106.84,111.0,105.69
DKS,110.5,110.31,118.52,112.03,109.19,23,109.0,108.82,111.64,108.55
DKS,114.5,113.07,115.15,118.52,112.3801,24,110.5,110.31,112.03,109.19
DKS,113.8,113.81,113.07,115.15,111.14,25,114.5,113.07,118.52,112.3801
DKS,113.02,105.26,108.38,113.07,102.6,26,113.8,113.81,115.15,111.14
DKS,104.77,106.14,106.69,108.38,103.54,27,113.02,105.26,113.07,102.6
DKS,105.74,106.11,107.7599,106.69,103.0,28,104.77,106.14,108.38,103.54
DKS,107.4,99.91,105.15,107.7599,99.55,29,105.74,106.11,106.69,103.0
DKS,102.0,103.98,103.5,105.15,101.21,30,107.4,99.91,107.7599,99.55
DKS,101.85,101.26,105.76,103.5,99.28,31,102.0,103.98,105.15,101.21
DKS,103.45,103.6,104.75,105.76,102.92,32,101.85,101.26,103.5,99.28
DKS,103.76,104.74,105.0,104.75,102.26,33,103.45,103.6,105.76,102.92
DKS,104.69,103.94,107.665,105.0,102.12,34,103.76,104.74,104.75,102.26
DKS,102.93,107.48,108.55,107.665,102.895,35,104.69,103.94,105.0,102.12
DKS,107.01,107.39,112.2,108.55,106.3,36,102.93,107.48,107.665,102.895
DKS,107.67,111.83,113.81,112.2,107.08,37,107.01,107.39,108.55,106.3
DKS,110.88,111.85,115.58,113.81,110.2,38,107.67,111.83,112.2,107.08
DKS,111.85,114.99,117.76,115.58,111.0,39,110.88,111.85,113.81,110.2
DKS,115.78,114.55,114.98,117.76,114.41,40,111.85,114.99,115.58,111.0
DKS,114.0,111.66,112.45,114.98,110.51,41,115.78,114.55,117.76,114.41
DKS,112.24,106.66,112.75,112.45,106.4,42,114.0,111.66,114.98,110.51
DKS,112.58,108.14,110.365,112.75,106.8,43,112.24,106.66,112.45,106.4
DKS,108.72,109.31,110.73,110.365,106.51,44,112.58,108.14,112.75,106.8
DKS,107.34,110.68,116.07,110.73,104.07,45,108.72,109.31,110.365,106.51
DKS,110.11,116.06,118.25,116.07,108.92,46,107.34,110.68,110.73,104.07
DKS,116.9,115.63,117.49,118.25,113.6,47,110.11,116.06,116.07,108.92
DKS,116.85,113.8,114.13,117.49,113.36,48,116.9,115.63,118.25,113.6
DKS,111.51,111.61,114.27,114.13,110.37,49,116.85,113.8,117.49,113.36
DKS,110.0,113.35,119.54,114.27,108.14,50,111.51,111.61,114.13,110.37
DKS,114.45,114.36,116.71,119.54,114.25,51,110.0,113.35,114.27,108.14
DKS,115.01,111.0,112.6899,116.71,110.22,52,114.45,114.36,119.54,114.25
DKS,109.01,109.76,116.64,112.6899,108.06,53,115.01,111.0,116.71,110.22
DKS,106.9,116.55,120.14,116.64,104.77,54,109.01,109.76,112.6899,108.06
DKS,114.09,117.91,120.56,120.14,113.17,55,106.9,116.55,116.64,104.77
DKS,118.98,113.75,117.4551,120.56,113.09,56,114.09,117.91,120.14,113.17
DKS,116.46,111.92,113.29,117.4551,111.28,57,118.98,113.75,120.56,113.09
DKS,112.55,113.19,116.11,113.29,108.91,58,116.46,111.92,117.4551,111.28
DKS,113.65,115.4,119.33,116.11,113.21,59,112.55,113.19,113.29,108.91
DKS,116.24,118.15,119.1,119.33,115.57,60,113.65,115.4,116.11,113.21
DKS,118.39,115.72,115.9,119.1,114.38,61,116.24,118.15,119.33,115.57
DKS,114.72,111.87,114.07,115.9,111.415,62,118.39,115.72,119.1,114.38
DKS,113.5,111.52,113.84,114.07,108.461,63,114.72,111.87,115.9,111.415
DKS,112.71,112.65,115.305,113.84,111.2099,64,113.5,111.52,114.07,108.461
DKS,112.03,114.44,117.18,115.305,111.18,65,112.71,112.65,113.84,111.2099
DKS,114.89,117.13,117.82,117.18,114.38,66,112.03,114.44,115.305,111.18
DKS,114.72,114.38,115.215,117.82,113.76,67,114.89,117.13,117.18,114.38
DKS,114.51,111.81,112.31,115.215,110.855,68,114.72,114.38,117.82,113.76
DKS,111.42,110.0,114.58,112.31,108.88,69,114.51,111.81,115.215,110.855
DKS,112.5,114.42,113.28,114.58,111.005,70,111.42,110.0,112.31,108.88
DKS,113.1,108.81,110.0,113.28,108.11,71,112.5,114.42,114.58,111.005
DKS,109.66,104.78,106.12,110.0,104.6337,72,113.1,108.81,113.28,108.11
DKS,102.83,103.85,104.95,106.12,102.0,73,109.66,104.78,110.0,104.6337
DKS,103.26,100.2,101.27,104.95,99.342,74,102.83,103.85,106.12,102.0
DKS,101.29,97.67,101.6799,101.27,97.12,75,103.26,100.2,104.95,99.342
DKS,93.21,101.28,103.5,101.6799,92.31,76,101.29,97.67,101.27,97.12
DKS,97.49,103.26,105.31,103.5,97.05,77,93.21,101.28,101.6799,92.31
DKS,102.42,105.0,106.9,105.31,101.5,78,97.49,103.26,103.5,97.05
DKS,105.35,104.36,112.483,106.9,103.01,79,102.42,105.0,105.31,101.5
DKS,105.33,111.23,113.32,112.483,104.3,80,105.35,104.36,106.9,103.01
DKS,112.0,112.38,112.21,113.32,109.77,81,105.33,111.23,112.483,104.3
DKS,110.69,109.71,111.96,112.21,107.61,82,112.0,112.38,113.32,109.77
DKS,110.41,99.5,107.17,111.96,99.19,83,110.69,109.71,112.21,107.61
DKS,102.96,101.58,111.3799,107.17,99.2,84,110.41,99.5,111.96,99.19
DKS,105.66,108.88,110.28,111.3799,104.83,85,102.96,101.58,107.17,99.2
DKS,107.0,109.94,110.98,110.28,104.88,86,105.66,108.88,111.3799,104.83
DKS,110.24,107.62,111.85,110.98,107.29,87,107.0,109.94,110.28,104.88
DKS,108.92,106.78,111.64,111.85,106.475,88,110.24,107.62,110.98,107.29
DKS,108.06,111.42,114.18,111.64,106.3601,89,108.92,106.78,111.85,106.475
WB,43.52,43.22,44.945,44.28,43.19,1,45.21,43.53,46.07,43.495
WB,44.2,43.97,44.62,44.945,43.8,2,43.52,43.22,44.28,43.19
WB,43.99,43.44,45.85,44.62,43.07,3,44.2,43.97,44.945,43.8
WB,43.99,44.08,49.2996,45.85,43.64,4,43.99,43.44,44.62,43.07
WB,48.2,46.11,46.49,49.2996,45.7,5,43.99,44.08,45.85,43.64
WB,46.33,46.34,46.55,46.49,45.25,6,48.2,46.11,49.2996,45.7
WB,46.48,44.02,44.5,46.55,43.34,7,46.33,46.34,46.49,45.25
WB,44.32,44.16,44.0,44.5,43.3,8,46.48,44.02,46.55,43.34
WB,43.63,43.34,42.65,44.0,41.845,9,44.32,44.16,44.5,43.3
WB,41.94,41.76,42.55,42.65,41.2,10,43.63,43.34,44.0,41.845
WB,41.9,41.97,42.7,42.55,41.21,11,41.94,41.76,42.65,41.2
WB,41.56,42.38,44.04,42.7,40.73,12,41.9,41.97,42.55,41.21
WB,42.07,43.96,43.82,44.04,41.57,13,41.56,42.38,42.7,40.73
WB,43.53,43.03,42.91,43.82,42.005,14,42.07,43.96,44.04,41.57
WB,42.09,42.79,42.6,42.91,41.59,15,43.53,43.03,43.82,42.005
WB,41.99,39.61,40.79,42.6,39.4,16,42.09,42.79,42.91,41.59
WB,40.0,39.81,40.22,40.79,39.5,17,41.99,39.61,42.6,39.4
WB,39.83,36.0,37.43,40.22,35.98,18,40.0,39.81,40.79,39.5
WB,37.43,34.36,33.61,37.43,33.5,19,39.83,36.0,40.22,35.98
WB,33.49,32.18,33.08,33.61,30.38,20,37.43,34.36,37.43,33.5
WB,32.19,31.98,34.31,33.08,31.65,21,33.49,32.18,33.61,30.38
WB,33.42,33.48,33.44,34.31,33.1,22,32.19,31.98,33.08,31.65
WB,32.53,32.64,33.3,33.44,30.82,23,33.42,33.48,34.31,33.1
WB,32.41,31.52,31.87,33.3,31.43,24,32.53,32.64,33.44,30.82
WB,31.38,31.65,31.28,31.87,30.63,25,32.41,31.52,33.3,31.43
WB,31.13,29.88,29.6299,31.28,29.04,26,31.38,31.65,31.87,30.63
WB,28.99,28.83,29.0,29.6299,28.46,27,31.13,29.88,31.28,29.04
WB,28.4,28.98,31.08,29.0,27.83,28,28.99,28.83,29.6299,28.46
WB,30.21,29.24,29.65,31.08,28.94,29,28.4,28.98,29.0,27.83
WB,28.38,29.52,29.84,29.65,27.295,30,30.21,29.24,31.08,28.94
WB,28.93,29.67,31.52,29.84,28.59,31,28.38,29.52,29.65,27.295
WB,30.48,31.36,30.99,31.52,29.99,32,28.93,29.67,29.84,28.59
WB,30.61,30.21,29.88,30.99,29.56,33,30.48,31.36,31.52,29.99
WB,29.5,29.75,30.48,29.88,28.7502,34,30.61,30.21,30.99,29.56
WB,30.0,30.07,29.77,30.48,29.75,35,29.5,29.75,29.88,28.7502
WB,29.61,29.54,29.49,29.77,28.68,36,30.0,30.07,30.48,29.75
WB,29.45,28.52,31.63,29.49,28.14,37,29.61,29.54,29.77,28.68
WB,28.62,31.42,31.8,31.63,28.43,38,29.45,28.52,29.49,28.14
WB,30.86,30.98,32.45,31.8,30.6,39,28.62,31.42,31.63,28.43
WB,31.48,31.81,31.73,32.45,31.08,40,30.86,30.98,31.8,30.6
WB,31.51,31.13,32.68,31.73,30.6676,41,31.48,31.81,32.45,31.08
WB,30.72,31.98,34.42,32.68,30.48,42,31.51,31.13,31.73,30.6676
WB,32.19,33.48,35.2,34.42,31.595,43,30.72,31.98,32.68,30.48
WB,33.87,33.43,33.775,35.2,33.361,44,32.19,33.48,34.42,31.595
WB,33.3,33.15,34.36,33.775,31.67,45,33.87,33.43,35.2,33.361
WB,33.14,34.35,36.51,34.36,32.71,46,33.3,33.15,33.775,31.67
WB,35.3,35.1,34.855,36.51,34.71,47,33.14,34.35,34.36,32.71
WB,34.42,33.1,34.41,34.855,32.93,48,35.3,35.1,36.51,34.71
WB,33.25,34.24,34.38,34.41,33.025,49,34.42,33.1,34.855,32.93
WB,33.56,33.47,34.29,34.38,33.09,50,33.25,34.24,34.41,33.025
WB,33.68,33.55,36.44,34.29,33.3,51,33.56,33.47,34.38,33.09
WB,35.01,34.64,34.72,36.44,34.41,52,33.68,33.55,34.29,33.3
WB,34.21,33.46,33.28,34.72,32.82,53,35.01,34.64,36.44,34.41
WB,32.01,33.02,33.76,33.28,31.34,54,34.21,33.46,34.72,32.82
WB,32.29,33.54,34.03,33.76,32.11,55,32.01,33.02,33.28,31.34
WB,33.78,32.15,32.86,34.03,31.98,56,32.29,33.54,33.76,32.11
WB,32.45,31.0,31.85,32.86,30.85,57,33.78,32.15,34.03,31.98
WB,31.22,30.91,34.76,31.85,30.39,58,32.45,31.0,32.86,30.85
WB,32.5,34.65,35.1598,34.76,31.9,59,31.22,30.91,31.85,30.39
WB,33.96,34.71,34.64,35.1598,33.88,60,32.5,34.65,34.76,31.9
WB,34.12,33.29,33.03,34.64,33.04,61,33.96,34.71,35.1598,33.88
WB,32.53,32.02,32.91,33.03,31.88,62,34.12,33.29,34.64,33.04
WB,32.1,32.79,32.9376,32.91,31.85,63,32.53,32.02,33.03,31.88
WB,32.57,31.03,32.44,32.9376,30.54,64,32.1,32.79,32.91,31.85
WB,31.03,32.37,32.86,32.44,30.66,65,32.57,31.03,32.9376,30.54
WB,32.56,32.5,32.12,32.86,32.15,66,31.03,32.37,32.44,30.66
WB,31.63,31.55,31.8,32.12,31.17,67,32.56,32.5,32.86,32.15
WB,31.62,31.25,31.85,31.8,30.97,68,31.63,31.55,32.12,31.17
WB,31.13,30.85,32.11,31.85,30.46,69,31.62,31.25,31.8,30.97
WB,31.73,32.1,32.62,32.11,31.12,70,31.13,30.85,31.85,30.46
WB,31.76,32.36,32.46,32.62,31.5901,71,31.73,32.1,32.11,31.12
WB,32.14,31.79,31.22,32.46,31.445,72,31.76,32.36,32.62,31.5901
WB,31.0,30.15,30.43,31.22,29.6,73,32.14,31.79,32.46,31.445
WB,29.7,29.18,29.84,30.43,29.001,74,31.0,30.15,31.22,29.6
WB,29.57,28.49,28.12,29.84,28.435,75,29.7,29.18,30.43,29.001
WB,27.19,28.07,29.01,28.12,26.85,76,29.57,28.49,29.84,28.435
WB,28.21,28.29,28.22,29.01,27.71,77,27.19,28.07,28.12,26.85
WB,27.97,27.43,28.45,28.22,27.06,78,28.21,28.29,29.01,27.71
WB,27.62,26.88,27.7,28.45,26.64,79,27.97,27.43,28.22,27.06
WB,27.2,27.42,30.09,27.7,26.471,80,27.62,26.88,28.45,26.64
WB,29.29,27.28,27.4,30.09,27.02,81,27.2,27.42,27.7,26.471
WB,26.89,25.78,25.3914,27.4,25.5501,82,29.29,27.28,30.09,27.02
WB,25.25,23.67,25.44,25.3914,23.655,83,26.89,25.78,27.4,25.5501
WB,24.04,25.11,26.49,25.44,23.81,84,25.25,23.67,25.3914,23.655
WB,25.32,26.19,25.05,26.49,25.08,85,24.04,25.11,25.44,23.81
WB,25.03,24.46,25.07,25.05,24.23,86,25.32,26.19,26.49,25.08
WB,24.35,21.41,21.23,25.07,21.41,87,25.03,24.46,25.05,24.23
WB,19.61,20.06,21.91,21.23,18.62,88,24.35,21.41,25.07,21.41
WB,19.59,21.15,25.975,21.91,19.41,89,19.61,20.06,21.23,18.62
MTCH,158.5,160.73,160.9,164.56,158.0,1,152.44,156.98,159.19,150.46
MTCH,160.49,155.91,156.86,160.9,155.43,2,158.5,160.73,164.56,158.0
MTCH,156.06,155.59,157.66,156.86,151.765,3,160.49,155.91,160.9,155.43
MTCH,153.89,154.05,155.48,157.66,153.36,4,156.06,155.59,156.86,151.765
MTCH,154.76,149.75,151.95,155.48,149.58,5,153.89,154.05,157.66,153.36
MTCH,150.67,146.95,149.83,151.95,146.22,6,154.76,149.75,155.48,149.58
MTCH,147.38,148.42,148.0,149.83,146.54,7,150.67,146.95,151.95,146.22
MTCH,147.7,146.75,148.53,148.0,144.23,8,147.38,148.42,149.83,146.54
MTCH,146.8,147.61,147.525,148.53,145.19,9,147.7,146.75,148.0,144.23
MTCH,147.29,142.39,142.39,147.525,141.57,10,146.8,147.61,148.53,145.19
MTCH,141.74,140.95,143.65,142.39,139.53,11,147.29,142.39,147.525,141.57
MTCH,141.99,137.01,138.57,143.65,134.67,12,141.74,140.95,142.39,139.53
MTCH,137.56,135.07,137.53,138.57,133.765,13,141.99,137.01,143.65,134.67
MTCH,133.88,137.41,134.98,137.53,132.925,14,137.56,135.07,138.57,133.765
MTCH,134.35,133.67,135.84,134.98,130.79,15,133.88,137.41,137.53,132.925
MTCH,135.57,134.08,134.0,135.84,132.94,16,134.35,133.67,134.98,130.79
MTCH,133.03,129.99,134.95,134.0,129.14,17,135.57,134.08,135.84,132.94
MTCH,133.68,127.48,129.83,134.95,126.64,18,133.03,129.99,134.0,129.14
MTCH,127.77,128.28,129.08,129.83,125.65,19,133.68,127.48,134.95,126.64
MTCH,128.96,126.19,129.86,129.08,120.89,20,127.77,128.28,129.83,125.65
MTCH,125.96,129.44,137.74,129.86,123.84,21,128.96,126.19,129.08,120.89
MTCH,131.99,134.45,141.396,137.74,131.86,22,125.96,129.44,129.86,123.84
MTCH,134.34,135.6,137.12,141.396,133.37,23,131.99,134.45,137.74,131.86
MTCH,134.87,132.21,134.39,137.12,131.89,24,134.34,135.6,141.396,133.37
MTCH,133.41,130.34,130.7,134.39,129.74,25,134.87,132.21,137.12,131.89
MTCH,129.92,126.2,126.31,130.7,126.01,26,133.41,130.34,134.39,129.74
MTCH,124.01,122.81,124.41,126.31,121.85,27,129.92,126.2,130.7,126.01
MTCH,123.01,123.81,125.91,124.41,118.51,28,124.01,122.81,126.31,121.85
MTCH,125.0,124.44,128.6,125.91,121.69,29,123.01,123.81,124.41,118.51
MTCH,123.05,126.65,128.23,128.6,119.63,30,125.0,124.44,125.91,121.69
MTCH,124.07,125.84,132.415,128.23,122.26,31,123.05,126.65,128.6,119.63
MTCH,127.0,131.49,131.99,132.415,126.62,32,124.07,125.84,128.23,122.26
MTCH,131.0,131.39,134.52,131.99,129.02,33,127.0,131.49,132.415,126.62
MTCH,131.5,133.44,135.085,134.52,130.6501,34,131.0,131.39,131.99,129.02
MTCH,133.5,134.01,135.21,135.085,132.5001,35,131.5,133.44,134.52,130.6501
MTCH,133.86,132.94,132.99,135.21,132.8,36,133.5,134.01,135.085,132.5001
MTCH,132.07,130.0,134.97,132.99,129.86,37,133.86,132.94,135.21,132.8
MTCH,130.07,133.2,134.84,134.97,129.96,38,132.07,130.0,132.99,129.86
MTCH,133.3,132.25,136.765,134.84,132.12,39,130.07,133.2,134.97,129.96
MTCH,133.1,134.23,136.99,136.765,131.38,40,133.3,132.25,134.84,132.12
MTCH,136.0,132.97,133.1,136.99,129.61,41,133.1,134.23,136.765,131.38
MTCH,132.26,125.52,128.56,133.1,124.9,42,136.0,132.97,136.99,129.61
MTCH,124.88,126.06,128.37,128.56,122.56,43,132.26,125.52,133.1,124.9
MTCH,126.17,125.27,126.65,128.37,124.925,44,124.88,126.06,128.56,122.56
MTCH,123.5,126.56,129.51,126.65,119.33,45,126.17,125.27,128.37,124.925
MTCH,126.12,126.0,127.88,129.51,123.72,46,123.5,126.56,126.65,119.33
MTCH,126.96,124.08,128.87,127.88,121.46,47,126.12,126.0,129.51,123.72
MTCH,128.69,123.2,124.1399,128.87,122.58,48,126.96,124.08,127.88,121.46
MTCH,122.32,121.15,119.05,124.1399,118.68,49,128.69,123.2,128.87,122.58
MTCH,118.14,115.87,119.38,119.05,115.09,50,122.32,121.15,124.1399,118.68
MTCH,115.47,116.27,122.08,119.38,115.16,51,118.14,115.87,119.05,115.09
MTCH,117.98,118.66,121.47,122.08,117.41,52,115.47,116.27,119.38,115.16
MTCH,118.16,115.84,117.4694,121.47,115.5601,53,117.98,118.66,122.08,117.41
MTCH,112.21,117.25,116.32,117.4694,109.08,54,118.16,115.84,121.47,115.5601
MTCH,114.03,111.7,116.09,116.32,111.37,55,112.21,117.25,117.4694,109.08
MTCH,113.61,110.17,112.83,116.09,108.72,56,114.03,111.7,116.32,111.37
MTCH,112.67,106.5,109.33,112.83,105.505,57,113.61,110.17,116.09,108.72
MTCH,106.67,109.22,112.77,109.33,105.15,58,112.67,106.5,112.83,105.505
MTCH,108.03,112.7,112.92,112.77,105.46,59,106.67,109.22,109.33,105.15
MTCH,112.61,112.09,121.49,112.92,108.84,60,108.03,112.7,112.77,105.46
MTCH,113.31,118.01,117.72,121.49,111.49,61,112.61,112.09,112.92,108.84
MTCH,115.0,111.98,117.18,117.72,111.73,62,113.31,118.01,121.49,111.49
MTCH,111.76,115.98,116.95,117.18,109.865,63,115.0,111.98,117.72,111.73
MTCH,116.46,113.41,113.75,116.95,112.98,64,111.76,115.98,117.18,109.865
MTCH,112.4,112.42,117.39,113.75,111.59,65,116.46,113.41,116.95,112.98
MTCH,114.63,117.19,117.31,117.39,112.18,66,112.4,112.42,113.75,111.59
MTCH,113.97,114.4,117.38,117.31,113.09,67,114.63,117.19,117.39,112.18
MTCH,114.23,112.76,117.15,117.38,111.69,68,113.97,114.4,117.31,113.09
MTCH,112.7,113.78,118.95,117.15,111.8326,69,114.23,112.76,117.38,111.69
MTCH,116.29,118.44,117.96,118.95,115.34,70,112.7,113.78,117.15,111.8326
MTCH,116.23,117.33,116.42,117.96,114.782,71,116.29,118.44,118.95,115.34
MTCH,115.93,111.88,112.16,116.42,111.44,72,116.23,117.33,117.96,114.782
MTCH,111.45,107.56,109.3492,112.16,106.61,73,115.93,111.88,116.42,111.44
MTCH,106.97,107.16,108.01,109.3492,106.1,74,111.45,107.56,112.16,106.61
MTCH,107.67,104.54,113.55,108.01,104.26,75,106.97,107.16,109.3492,106.1
MTCH,101.3,113.04,113.87,113.55,100.6,76,107.67,104.54,108.01,104.26
MTCH,113.27,113.22,114.02,113.87,108.17,77,101.3,113.04,113.55,100.6
MTCH,112.89,111.49,114.0,114.02,110.24,78,113.27,113.22,113.87,108.17
MTCH,111.9,110.42,111.01,114.0,109.43,79,112.89,111.49,114.02,110.24
MTCH,110.47,109.23,110.93,111.01,107.33,80,111.9,110.42,114.0,109.43
MTCH,110.75,102.99,103.48,110.93,102.14,81,110.47,109.23,111.01,107.33
MTCH,103.0,96.59,97.82,103.48,95.74,82,110.75,102.99,110.93,102.14
MTCH,96.53,89.18,90.13,97.82,89.15,83,103.0,96.59,103.48,95.74
MTCH,88.64,87.7,100.57,90.13,84.2,84,96.53,89.18,97.82,89.15
MTCH,95.17,98.93,97.99,100.57,93.75,85,88.64,87.7,90.13,84.2
MTCH,96.41,94.91,98.08,97.99,94.09,86,95.17,98.93,100.57,93.75
MTCH,97.91,88.45,90.21,98.08,88.34,87,96.41,94.91,97.99,94.09
MTCH,87.83,85.06,87.845,90.21,84.51,88,97.91,88.45,98.08,88.34
MTCH,85.74,87.57,93.115,87.845,84.75,89,87.83,85.06,90.21,84.51
SAIL,48.21,48.11,49.33,49.29,46.78,1,48.84,48.21,49.57,47.785
SAIL,48.53,48.7,49.76,49.33,48.14,2,48.21,48.11,49.29,46.78
SAIL,48.96,48.2,63.36,49.76,47.64,3,48.53,48.7,49.33,48.14
SAIL,58.59,58.05,59.99,63.36,57.07,4,48.96,48.2,49.76,47.64
SAIL,58.5,58.86,60.77,59.99,57.921,5,58.59,58.05,63.36,57.07
SAIL,59.99,59.88,60.3,60.77,59.34,6,58.5,58.86,59.99,57.921
SAIL,59.66,58.95,59.9374,60.3,58.15,7,59.99,59.88,60.77,59.34
SAIL,59.07,58.41,59.03,59.9374,58.08,8,59.66,58.95,60.3,58.15
SAIL,57.98,58.09,58.32,59.03,57.25,9,59.07,58.41,59.9374,58.08
SAIL,57.85,57.55,58.12,58.32,56.87,10,57.98,58.09,59.03,57.25
SAIL,57.77,56.91,56.76,58.12,56.61,11,57.85,57.55,58.32,56.87
SAIL,56.52,54.28,54.3499,56.76,53.69,12,57.77,56.91,58.12,56.61
SAIL,53.79,52.48,53.065,54.3499,51.63,13,56.52,54.28,56.76,53.69
SAIL,51.83,52.72,53.21,53.065,51.5,14,53.79,52.48,54.3499,51.63
SAIL,51.78,51.89,52.985,53.21,50.92,15,51.83,52.72,53.065,51.5
SAIL,52.55,52.56,53.34,52.985,51.375,16,51.78,51.89,53.21,50.92
SAIL,52.4,52.59,53.34,53.34,51.6,17,52.55,52.56,52.985,51.375
SAIL,53.02,49.36,50.75,53.34,48.73,18,52.4,52.59,53.34,51.6
SAIL,49.02,50.15,50.57,50.75,48.52,19,53.02,49.36,53.34,48.73
SAIL,49.12,47.58,48.64,50.57,46.74,20,49.02,50.15,50.75,48.52
SAIL,47.435,47.42,49.69,48.64,45.8272,21,49.12,47.58,50.57,46.74
SAIL,49.13,48.47,49.72,49.69,48.22,22,47.435,47.42,48.64,45.8272
SAIL,48.47,49.32,49.3526,49.72,47.88,23,49.13,48.47,49.69,48.22
SAIL,49.06,47.71,48.865,49.3526,47.09,24,48.47,49.32,49.72,47.88
SAIL,48.33,46.4,47.27,48.865,46.38,25,49.06,47.71,49.3526,47.09
SAIL,46.17,46.59,46.74,47.27,45.39,26,48.33,46.4,48.865,46.38
SAIL,44.81,46.56,48.85,46.74,44.7,27,46.17,46.59,47.27,45.39
SAIL,46.72,48.42,49.04,48.85,46.16,28,44.81,46.56,46.74,44.7
SAIL,48.8,45.91,47.09,49.04,45.58,29,46.72,48.42,48.85,46.16
SAIL,45.25,46.53,46.935,47.09,44.49,30,48.8,45.91,49.04,45.58
SAIL,45.36,46.28,47.95,46.935,45.2,31,45.25,46.53,47.09,44.49
SAIL,46.97,47.48,48.67,47.95,46.42,32,45.36,46.28,46.935,45.2
SAIL,47.66,48.26,48.535,48.67,47.51,33,46.97,47.48,47.95,46.42
SAIL,47.6,48.0,48.83,48.535,47.35,34,47.66,48.26,48.67,47.51
SAIL,48.72,48.79,49.12,48.83,47.89,35,47.6,48.0,48.535,47.35
SAIL,48.27,48.46,48.6,49.12,48.03,36,48.72,48.79,48.83,47.89
SAIL,48.01,48.4,49.91,48.6,47.27,37,48.27,48.46,49.12,48.03
SAIL,48.8,48.85,49.2,49.91,48.38,38,48.01,48.4,48.6,47.27
SAIL,48.82,48.34,48.585,49.2,48.08,39,48.8,48.85,49.91,48.38
SAIL,48.34,47.42,47.6,48.585,46.21,40,48.82,48.34,49.2,48.08
SAIL,47.56,46.06,46.66,47.6,44.66,41,48.34,47.42,48.585,46.21
SAIL,46.165,44.92,46.57,46.66,44.59,42,47.56,46.06,47.6,44.66
SAIL,44.49,45.0,45.93,46.57,44.4311,43,46.165,44.92,46.66,44.59
SAIL,45.07,44.56,44.04,45.93,44.48,44,44.49,45.0,46.57,44.4311
SAIL,43.97,44.01,44.92,44.04,41.84,45,45.07,44.56,45.93,44.48
SAIL,44.0,44.15,45.9,44.92,43.3,46,43.97,44.01,44.04,41.84
SAIL,44.48,45.01,45.33,45.9,44.34,47,44.0,44.15,44.92,43.3
SAIL,45.02,42.91,42.96,45.33,42.85,48,44.48,45.01,45.9,44.34
SAIL,42.13,42.48,42.18,42.96,41.18,49,45.02,42.91,45.33,42.85
SAIL,41.305,40.58,41.77,42.18,40.58,50,42.13,42.48,42.96,41.18
SAIL,40.7,39.92,41.85,41.77,39.89,51,41.305,40.58,42.18,40.58
SAIL,40.89,40.08,40.62,41.85,40.009,52,40.7,39.92,41.77,39.89
SAIL,40.34,39.69,40.41,40.62,39.4,53,40.89,40.08,41.85,40.009
SAIL,38.9,40.3,39.255,40.41,37.51,54,40.34,39.69,40.62,39.4
SAIL,39.16,36.65,38.51,39.255,36.45,55,38.9,40.3,40.41,37.51
SAIL,38.03,36.48,37.13,38.51,36.33,56,39.16,36.65,39.255,36.45
SAIL,36.91,35.71,36.62,37.13,35.06,57,38.03,36.48,38.51,36.33
SAIL,35.99,36.45,38.71,36.62,34.98,58,36.91,35.71,37.13,35.06
SAIL,36.83,38.69,40.02,38.71,36.56,59,35.99,36.45,36.62,34.98
SAIL,39.35,39.93,40.23,40.02,38.53,60,36.83,38.69,38.71,36.56
SAIL,39.96,38.76,38.145,40.23,38.3675,61,39.35,39.93,40.02,38.53
SAIL,37.23,37.5,39.03,38.145,36.91,62,39.96,38.76,40.23,38.3675
SAIL,37.5,38.28,39.7,39.03,37.12,63,37.23,37.5,38.145,36.91
SAIL,38.5,38.41,38.97,39.7,37.93,64,37.5,38.28,39.03,37.12
SAIL,38.0,38.96,40.03,38.97,37.74,65,38.5,38.41,39.7,37.93
SAIL,39.49,39.68,40.19,40.03,39.01,66,38.0,38.96,38.97,37.74
SAIL,38.71,39.75,40.69,40.19,38.44,67,39.49,39.68,40.03,39.01
SAIL,40.235,39.46,40.73,40.69,39.01,68,38.71,39.75,40.19,38.44
SAIL,39.28,39.65,41.54,40.73,38.88,69,40.235,39.46,40.69,39.01
SAIL,40.47,41.36,41.39,41.54,39.69,70,39.28,39.65,40.73,38.88
SAIL,40.74,40.83,40.73,41.39,40.42,71,40.47,41.36,41.54,39.69
SAIL,40.23,39.76,39.65,40.73,39.67,72,40.74,40.83,41.39,40.42
SAIL,39.33,38.33,39.38,39.65,38.03,73,40.23,39.76,40.73,39.67
SAIL,38.19,38.65,39.5046,39.38,37.86,74,39.33,38.33,39.65,38.03
SAIL,39.23,37.41,40.48,39.5046,37.13,75,38.19,38.65,39.38,37.86
SAIL,36.83,40.23,40.65,40.48,36.64,76,39.23,37.41,39.5046,37.13
SAIL,40.0,40.63,42.785,40.65,38.82,77,36.83,40.23,40.48,36.64
SAIL,41.37,41.37,46.065,42.785,40.885,78,40.0,40.63,40.65,38.82
SAIL,44.55,44.77,47.87,46.065,43.76,79,41.37,41.37,42.785,40.885
SAIL,44.89,47.17,47.21,47.87,44.45,80,44.55,44.77,46.065,43.76
SAIL,47.1,46.36,47.28,47.21,45.9472,81,44.89,47.17,47.87,44.45
SAIL,46.68,45.25,46.52,47.28,44.83,82,47.1,46.36,47.21,45.9472
SAIL,45.93,44.68,45.35,46.52,44.66,83,46.68,45.25,47.28,44.83
SAIL,44.2,44.21,45.86,45.35,43.49,84,45.93,44.68,46.52,44.66
SAIL,45.0,45.37,46.16,45.86,44.41,85,44.2,44.21,45.35,43.49
SAIL,44.67,45.41,46.12,46.16,44.47,86,45.0,45.37,45.86,44.41
SAIL,45.68,43.78,43.2,46.12,43.61,87,44.67,45.41,46.16,44.47
SAIL,43.01,41.16,42.23,43.2,40.12,88,45.68,43.78,46.12,43.61
SAIL,40.8,42.21,44.07,42.23,40.42,89,43.01,41.16,43.2,40.12
SHO,13.03,13.23,13.4592,13.91,13.01,1,12.98,12.73,13.105,12.73
SHO,13.28,13.16,13.08,13.4592,12.99,2,13.03,13.23,13.91,13.01
SHO,13.09,12.83,12.86,13.08,12.765,3,13.28,13.16,13.4592,12.99
SHO,12.77,12.61,12.65,12.86,12.61,4,13.09,12.83,13.08,12.765
SHO,12.53,12.49,12.61,12.65,12.35,5,12.77,12.61,12.86,12.61
SHO,12.5,12.51,12.49,12.61,12.45,6,12.53,12.49,12.65,12.35
SHO,12.33,12.47,12.52,12.49,12.26,7,12.5,12.51,12.61,12.45
SHO,12.45,12.19,12.145,12.52,12.065,8,12.33,12.47,12.49,12.26
SHO,12.14,12.01,12.09,12.145,11.87,9,12.45,12.19,12.52,12.065
SHO,12.03,12.03,11.92,12.09,11.9,10,12.14,12.01,12.145,11.87
SHO,11.7,11.85,12.025,11.92,11.52,11,12.03,12.03,12.09,11.9
SHO,11.88,11.84,12.21,12.025,11.8,12,11.7,11.85,11.92,11.52
SHO,11.92,12.04,12.11,12.21,11.89,13,11.88,11.84,12.025,11.8
SHO,11.96,12.01,11.43,12.11,11.8592,14,11.92,12.04,12.21,11.89
SHO,11.33,11.13,11.41,11.43,10.66,15,11.96,12.01,12.11,11.8592
SHO,11.29,11.3,11.12,11.41,11.085,16,11.33,11.13,11.43,10.66
SHO,10.91,10.87,11.12,11.12,10.81,17,11.29,11.3,11.41,11.085
SHO,10.99,10.48,11.06,11.12,10.47,18,10.91,10.87,11.12,10.81
SHO,10.52,11.01,11.06,11.06,10.34,19,10.99,10.48,11.12,10.47
SHO,10.96,10.99,11.805,11.06,10.8,20,10.52,11.01,11.06,10.34
SHO,11.24,11.51,11.8,11.805,11.15,21,10.96,10.99,11.06,10.8
SHO,11.67,11.51,11.85,11.8,11.43,22,11.24,11.51,11.805,11.15
SHO,11.49,11.73,11.82,11.85,11.46,23,11.67,11.51,11.8,11.43
SHO,11.58,11.71,11.83,11.82,11.49,24,11.49,11.73,11.85,11.46
SHO,11.8,11.5,11.44,11.83,11.4746,25,11.58,11.71,11.82,11.49
SHO,11.43,10.94,11.21,11.44,10.935,26,11.8,11.5,11.83,11.4746
SHO,10.9,10.88,10.89,11.21,10.85,27,11.43,10.94,11.44,10.935
SHO,10.86,10.84,11.16,10.89,10.45,28,10.9,10.88,11.21,10.85
SHO,11.06,10.71,10.865,11.16,10.685,29,10.86,10.84,10.89,10.45
SHO,10.66,10.81,10.77,10.865,10.52,30,11.06,10.71,11.16,10.685
SHO,10.58,10.77,11.565,10.77,10.32,31,10.66,10.81,10.865,10.52
SHO,10.92,11.51,11.755,11.565,10.885,32,10.58,10.77,10.77,10.32
SHO,11.55,11.67,11.84,11.755,11.44,33,10.92,11.51,11.565,10.885
SHO,11.72,11.68,11.76,11.84,11.6,34,11.55,11.67,11.755,11.44
SHO,11.55,11.76,11.845,11.76,11.455,35,11.72,11.68,11.84,11.6
SHO,11.71,11.69,11.725,11.845,11.64,36,11.55,11.76,11.76,11.455
SHO,11.55,11.71,11.86,11.725,11.52,37,11.71,11.69,11.845,11.64
SHO,11.77,11.67,11.815,11.86,11.655,38,11.55,11.71,11.725,11.52
SHO,11.66,11.73,12.09,11.815,11.58,39,11.77,11.67,11.86,11.655
SHO,11.82,11.86,12.29,12.09,11.765,40,11.66,11.73,11.815,11.58
SHO,11.98,12.04,12.2,12.29,11.96,41,11.82,11.86,12.09,11.765
SHO,12.05,11.63,11.86,12.2,11.59,42,11.98,12.04,12.29,11.96
SHO,11.72,11.8,12.2,11.86,11.6,43,12.05,11.63,12.2,11.59
SHO,11.88,12.04,11.775,12.2,11.82,44,11.72,11.8,11.86,11.6
SHO,11.71,11.55,11.76,11.775,11.39,45,11.88,12.04,12.2,11.82
SHO,11.53,11.69,11.83,11.76,11.37,46,11.71,11.55,11.775,11.39
SHO,11.79,11.67,11.97,11.83,11.59,47,11.53,11.69,11.76,11.37
SHO,11.77,11.83,11.9,11.97,11.7,48,11.79,11.67,11.83,11.59
SHO,11.78,11.82,12.0,11.9,11.58,49,11.77,11.83,11.97,11.7
SHO,11.97,11.73,11.86,12.0,11.69,50,11.78,11.82,11.9,11.58
SHO,11.79,11.49,11.765,11.86,11.49,51,11.97,11.73,12.0,11.69
SHO,11.44,11.23,11.275,11.765,11.21,52,11.79,11.49,11.86,11.49
SHO,11.17,11.12,11.11,11.275,11.0,53,11.44,11.23,11.765,11.21
SHO,10.86,11.08,11.15,11.11,10.56,54,11.17,11.12,11.275,11.0
SHO,10.85,11.06,11.4,11.15,10.665,55,10.86,11.08,11.11,10.56
SHO,11.16,10.96,11.13,11.4,10.865,56,10.85,11.06,11.15,10.665
SHO,11.03,10.51,10.8,11.13,10.43,57,11.16,10.96,11.4,10.865
SHO,10.5,10.78,11.32,10.8,10.27,58,11.03,10.51,11.13,10.43
SHO,10.7,11.31,11.555,11.32,10.65,59,10.5,10.78,10.8,10.27
SHO,11.35,11.43,11.52,11.555,11.225,60,10.7,11.31,11.32,10.65
SHO,11.47,11.21,11.26,11.52,11.18,61,11.35,11.43,11.555,11.225
SHO,11.07,11.15,11.415,11.26,11.03,62,11.47,11.21,11.52,11.18
SHO,11.04,11.36,11.65,11.415,11.015,63,11.07,11.15,11.26,11.03
SHO,11.51,11.51,11.82,11.65,11.37,64,11.04,11.36,11.415,11.015
SHO,11.58,11.71,12.0,11.82,11.545,65,11.51,11.51,11.65,11.37
SHO,11.86,11.79,11.955,12.0,11.76,66,11.58,11.71,11.82,11.545
SHO,11.58,11.71,11.84,11.955,11.54,67,11.86,11.79,12.0,11.76
SHO,11.73,11.47,11.65,11.84,11.36,68,11.58,11.71,11.955,11.54
SHO,11.58,11.38,11.91,11.65,11.32,69,11.73,11.47,11.84,11.36
SHO,11.56,11.87,12.0775,11.91,11.52,70,11.58,11.38,11.65,11.32
SHO,11.93,11.95,11.97,12.0775,11.82,71,11.56,11.87,11.91,11.52
SHO,11.86,11.88,12.02,11.97,11.66,72,11.93,11.95,12.0775,11.82
SHO,11.89,11.53,11.58,12.02,11.51,73,11.86,11.88,11.97,11.66
SHO,11.41,11.2,11.64,11.58,11.115,74,11.89,11.53,12.02,11.51
SHO,11.23,10.38,10.53,11.64,10.38,75,11.41,11.2,11.58,11.115
SHO,10.09,10.5,10.72,10.53,9.93,76,11.23,10.38,11.64,10.38
SHO,10.59,10.65,10.755,10.72,10.275,77,10.09,10.5,10.53,9.93
SHO,10.53,10.58,10.45,10.755,10.4,78,10.59,10.65,10.72,10.275
SHO,10.43,10.17,10.755,10.45,10.025,79,10.53,10.58,10.755,10.4
SHO,10.17,10.69,10.82,10.755,10.12,80,10.43,10.17,10.45,10.025
SHO,10.74,10.53,10.59,10.82,10.36,81,10.17,10.69,10.755,10.12
SHO,10.42,10.56,10.66,10.59,10.31,82,10.74,10.53,10.82,10.36
SHO,10.62,10.15,10.915,10.66,10.09,83,10.42,10.56,10.59,10.31
SHO,10.27,10.79,11.34,10.915,10.17,84,10.62,10.15,10.66,10.09
SHO,11.09,11.12,11.27,11.34,11.05,85,10.27,10.79,10.915,10.17
SHO,10.86,11.25,11.59,11.27,10.82,86,11.09,11.12,11.34,11.05
SHO,11.42,11.22,11.55,11.59,11.19,87,10.86,11.25,11.27,10.82
SHO,11.35,11.31,11.64,11.55,11.18,88,11.42,11.22,11.59,11.19
SHO,11.51,11.33,11.64,11.64,11.24,89,11.35,11.31,11.55,11.18
RPRX,39.4,39.52,40.0,40.01,39.17,1,39.64,39.57,39.77,39.085
RPRX,39.88,39.85,40.0999,40.0,39.46,2,39.4,39.52,40.01,39.17
RPRX,39.86,39.6,42.32,40.0999,39.35,3,39.88,39.85,40.0,39.46
RPRX,40.0,41.58,41.75,42.32,39.6,4,39.86,39.6,40.0999,39.35
RPRX,41.58,40.19,41.96,41.75,39.88,5,40.0,41.58,42.32,39.6
RPRX,40.65,41.92,42.0,41.96,40.28,6,41.58,40.19,41.75,39.88
RPRX,41.8,41.7,43.68,42.0,41.38,7,40.65,41.92,41.96,40.28
RPRX,43.35,41.99,43.01,43.68,41.23,8,41.8,41.7,42.0,41.38
RPRX,42.71,42.48,42.8,43.01,41.95,9,43.35,41.99,43.68,41.23
RPRX,42.8,41.98,42.26,42.8,41.66,10,42.71,42.48,43.01,41.95
RPRX,42.0,41.56,42.31,42.26,41.41,11,42.8,41.98,42.8,41.66
RPRX,42.28,41.88,42.045,42.31,41.5,12,42.0,41.56,42.26,41.41
RPRX,41.91,41.85,42.19,42.045,41.33,13,42.28,41.88,42.31,41.5
RPRX,41.84,42.08,42.3998,42.19,41.65,14,41.91,41.85,42.045,41.33
RPRX,41.56,41.89,42.02,42.3998,41.25,15,41.84,42.08,42.19,41.65
RPRX,41.96,41.34,41.95,42.02,40.83,16,41.56,41.89,42.3998,41.25
RPRX,41.23,39.77,40.62,41.95,39.63,17,41.96,41.34,42.02,40.83
RPRX,40.29,38.77,39.1,40.62,38.42,18,41.23,39.77,41.95,39.63
RPRX,38.74,38.88,39.6,39.1,37.93,19,40.29,38.77,40.62,38.42
RPRX,39.38,37.65,38.44,39.6,37.4,20,38.74,38.88,39.1,37.93
RPRX,37.6,37.89,38.84,38.44,37.34,21,39.38,37.65,39.6,37.4
RPRX,38.09,38.55,39.43,38.84,38.04,22,37.6,37.89,38.44,37.34
RPRX,38.63,39.16,39.0,39.43,38.13,23,38.09,38.55,38.84,38.04
RPRX,38.96,38.17,38.38,39.0,37.9501,24,38.63,39.16,39.43,38.13
RPRX,38.13,37.77,38.325,38.38,37.48,25,38.96,38.17,39.0,37.9501
RPRX,37.77,37.87,38.015,38.325,37.35,26,38.13,37.77,38.38,37.48
RPRX,37.45,37.55,37.71,38.015,37.16,27,37.77,37.87,38.325,37.35
RPRX,37.55,37.52,38.755,37.71,36.58,28,37.45,37.55,38.015,37.16
RPRX,37.61,38.24,38.83,38.755,37.55,29,37.55,37.52,37.71,36.58
RPRX,38.2,38.54,38.5,38.83,37.49,30,37.61,38.24,38.755,37.55
RPRX,38.25,38.42,39.55,38.5,37.675,31,38.2,38.54,38.83,37.49
RPRX,38.73,39.22,39.66,39.55,38.51,32,38.25,38.42,38.5,37.675
RPRX,39.02,39.57,40.31,39.66,38.93,33,38.73,39.22,39.55,38.51
RPRX,39.4,40.25,40.72,40.31,39.17,34,39.02,39.57,39.66,38.93
RPRX,40.25,40.13,40.57,40.72,39.87,35,39.4,40.25,40.31,39.17
RPRX,40.13,40.33,40.31,40.57,40.01,36,40.25,40.13,40.72,39.87
RPRX,40.32,39.95,40.65,40.31,39.83,37,40.13,40.33,40.57,40.01
RPRX,40.01,40.08,40.52,40.65,39.91,38,40.32,39.95,40.31,39.83
RPRX,40.04,39.85,40.12,40.52,39.81,39,40.01,40.08,40.65,39.91
RPRX,40.11,39.3,39.57,40.12,39.16,40,40.04,39.85,40.52,39.81
RPRX,39.185,39.14,39.29,39.57,38.75,41,40.11,39.3,40.12,39.16
RPRX,39.12,38.09,38.98,39.29,38.03,42,39.185,39.14,39.57,38.75
RPRX,38.7,38.8,40.36,38.98,38.11,43,39.12,38.09,39.29,38.03
RPRX,38.87,40.26,42.59,40.36,38.71,44,38.7,38.8,38.98,38.11
RPRX,40.82,42.44,42.62,42.59,40.82,45,38.87,40.26,40.36,38.71
RPRX,42.42,41.6,41.42,42.62,41.41,46,40.82,42.44,42.59,40.82
RPRX,41.29,40.84,40.91,41.42,40.53,47,42.42,41.6,42.62,41.41
RPRX,40.8,40.18,40.22,40.91,40.05,48,41.29,40.84,41.42,40.53
RPRX,40.01,39.66,40.645,40.22,38.84,49,40.8,40.18,40.91,40.05
RPRX,39.57,40.32,40.998,40.645,39.28,50,40.01,39.66,40.22,38.84
RPRX,40.44,39.97,40.39,40.998,39.92,51,39.57,40.32,40.645,39.28
RPRX,39.9,39.31,39.33,40.39,39.29,52,40.44,39.97,40.998,39.92
RPRX,39.15,39.14,39.52,39.33,38.71,53,39.9,39.31,40.39,39.29
RPRX,38.36,39.47,39.72,39.52,37.5301,54,39.15,39.14,39.33,38.71
RPRX,39.14,39.13,40.02,39.72,38.61,55,38.36,39.47,39.52,37.5301
RPRX,39.12,38.93,39.87,40.02,38.73,56,39.14,39.13,39.72,38.61
RPRX,39.02,38.68,39.48,39.87,38.54,57,39.12,38.93,40.02,38.73
RPRX,38.59,39.46,40.47,39.48,38.35,58,39.02,38.68,39.87,38.54
RPRX,39.46,40.01,40.7,40.47,39.0863,59,38.59,39.46,39.48,38.35
RPRX,39.98,40.56,41.22,40.7,39.79,60,39.46,40.01,40.47,39.0863
RPRX,40.31,41.0,40.95,41.22,39.835,61,39.98,40.56,40.7,39.79
RPRX,40.68,40.03,40.275,40.95,39.97,62,40.31,41.0,41.22,39.835
RPRX,39.88,39.97,40.48,40.275,39.27,63,40.68,40.03,40.95,39.97
RPRX,40.075,40.19,40.29,40.48,40.0,64,39.88,39.97,40.275,39.27
RPRX,39.8,39.98,40.51,40.29,39.52,65,40.075,40.19,40.48,40.0
RPRX,40.07,40.22,40.4,40.51,39.98,66,39.8,39.98,40.29,39.52
RPRX,39.94,39.46,40.29,40.4,39.2,67,40.07,40.22,40.51,39.98
RPRX,39.8,39.86,39.79,40.29,39.56,68,39.94,39.46,40.4,39.2
RPRX,39.47,39.11,40.565,39.79,39.04,69,39.8,39.86,40.29,39.56
RPRX,39.47,40.34,40.92,40.565,39.24,70,39.47,39.11,39.79,39.04
RPRX,40.26,40.5,40.212,40.92,40.0175,71,39.47,40.34,40.565,39.24
RPRX,40.0,39.68,40.02,40.212,39.66,72,40.26,40.5,40.92,40.0175
RPRX,39.65,39.41,39.2366,40.02,39.17,73,40.0,39.68,40.212,39.66
RPRX,39.08,38.54,38.76,39.2366,38.34,74,39.65,39.41,40.02,39.17
RPRX,38.57,37.46,38.04,38.76,37.29,75,39.08,38.54,39.2366,38.34
RPRX,36.65,37.88,38.75,38.04,36.15,76,38.57,37.46,38.76,37.29
RPRX,37.97,38.47,39.31,38.75,37.57,77,36.65,37.88,38.04,36.15
RPRX,38.3,39.26,39.15,39.31,38.23,78,37.97,38.47,38.75,37.57
RPRX,39.05,38.79,39.425,39.15,38.46,79,38.3,39.26,39.31,38.23
RPRX,38.81,39.19,39.41,39.425,38.47,80,39.05,38.79,39.15,38.46
RPRX,39.21,38.5,38.54,39.41,38.2931,81,38.81,39.19,39.425,38.47
RPRX,37.81,38.42,38.7,38.54,37.77,82,39.21,38.5,39.41,38.2931
RPRX,38.0,37.99,38.39,38.7,37.9011,83,37.81,38.42,38.54,37.77
RPRX,37.56,37.67,38.61,38.39,37.28,84,38.0,37.99,38.7,37.9011
RPRX,38.12,38.38,38.82,38.61,38.01,85,37.56,37.67,38.39,37.28
RPRX,38.05,38.51,39.07,38.82,37.9131,86,38.12,38.38,38.61,38.01
RPRX,38.82,38.27,38.81,39.07,38.2,87,38.05,38.51,38.82,37.9131
RPRX,38.48,37.98,38.42,38.81,37.71,88,38.82,38.27,39.07,38.2
RPRX,38.24,38.27,39.11,38.42,37.885,89,38.48,37.98,38.81,37.71
FRO,8.77,8.62,8.625,8.81,8.59,1,9.18,8.98,9.25,8.88
FRO,8.48,8.49,8.5,8.625,8.46,2,8.77,8.62,8.81,8.59
FRO,8.48,8.46,8.445,8.5,8.34,3,8.48,8.49,8.625,8.46
FRO,8.41,8.28,8.52,8.445,8.225,4,8.48,8.46,8.5,8.34
FRO,8.33,8.47,8.46,8.52,8.28,5,8.41,8.28,8.445,8.225
FRO,8.35,8.41,8.225,8.46,8.29,6,8.33,8.47,8.52,8.28
FRO,8.18,7.99,7.87,8.225,7.99,7,8.35,8.41,8.46,8.29
FRO,7.84,7.72,7.765,7.87,7.67,8,8.18,7.99,8.225,7.99
FRO,7.63,7.6,7.54,7.765,7.545,9,7.84,7.72,7.87,7.67
FRO,7.46,7.45,7.38,7.54,7.365,10,7.63,7.6,7.765,7.545
FRO,7.28,7.25,7.33,7.38,7.185,11,7.46,7.45,7.54,7.365
FRO,7.155,7.11,7.105,7.33,7.11,12,7.28,7.25,7.38,7.185
FRO,6.995,7.03,7.24,7.105,6.9,13,7.155,7.11,7.33,7.11
FRO,7.01,7.21,6.94,7.24,6.98,14,6.995,7.03,7.105,6.9
FRO,6.87,6.8,6.83,6.94,6.63,15,7.01,7.21,7.24,6.98
FRO,6.81,6.63,6.885,6.83,6.56,16,6.87,6.8,6.94,6.63
FRO,6.63,6.85,6.94,6.885,6.61,17,6.81,6.63,6.83,6.56
FRO,6.93,6.41,6.915,6.94,6.41,18,6.63,6.85,6.885,6.61
FRO,6.78,6.84,6.821,6.915,6.71,19,6.93,6.41,6.94,6.41
FRO,6.81,6.61,6.9,6.821,6.575,20,6.78,6.84,6.915,6.71
FRO,6.7,6.89,7.285,6.9,6.59,21,6.81,6.61,6.821,6.575
FRO,7.06,7.26,7.505,7.285,7.03,22,6.7,6.89,6.9,6.59
FRO,7.21,7.41,7.25,7.505,7.12,23,7.06,7.26,7.285,7.03
FRO,7.06,7.1,7.15,7.25,6.98,24,7.21,7.41,7.505,7.12
FRO,7.1,7.12,6.9801,7.15,7.03,25,7.06,7.1,7.25,6.98
FRO,6.95,6.85,6.775,6.9801,6.85,26,7.1,7.12,7.15,7.03
FRO,6.59,6.61,6.67,6.775,6.56,27,6.95,6.85,6.9801,6.85
FRO,6.59,6.62,6.83,6.67,6.3917,28,6.59,6.61,6.775,6.56
FRO,6.74,6.72,6.905,6.83,6.595,29,6.59,6.62,6.67,6.3917
FRO,6.74,6.69,6.85,6.905,6.625,30,6.74,6.72,6.83,6.595
FRO,6.64,6.82,6.935,6.85,6.59,31,6.74,6.69,6.905,6.625
FRO,6.85,6.83,7.15,6.935,6.77,32,6.64,6.82,6.85,6.59
FRO,7.09,7.11,7.18,7.15,6.985,33,6.85,6.83,6.935,6.77
FRO,7.16,7.08,7.28,7.18,7.03,34,7.09,7.11,7.15,6.985
FRO,7.28,7.06,7.35,7.28,7.03,35,7.16,7.08,7.18,7.03
FRO,7.25,7.18,7.15,7.35,7.165,36,7.28,7.06,7.28,7.03
FRO,7.14,6.98,7.17,7.15,6.95,37,7.25,7.18,7.35,7.165
FRO,7.09,7.05,7.105,7.17,7.035,38,7.14,6.98,7.15,6.95
FRO,7.02,7.07,7.67,7.105,6.97,39,7.09,7.05,7.17,7.035
FRO,7.53,7.57,7.7,7.67,7.445,40,7.02,7.07,7.105,6.97
FRO,7.68,7.45,7.58,7.7,7.42,41,7.53,7.57,7.67,7.445
FRO,7.49,7.27,7.635,7.58,7.24,42,7.68,7.45,7.7,7.42
FRO,7.57,7.35,7.525,7.635,7.33,43,7.49,7.27,7.58,7.24
FRO,7.47,7.48,7.46,7.525,7.38,44,7.57,7.35,7.635,7.33
FRO,7.32,7.43,7.83,7.46,7.215,45,7.47,7.48,7.525,7.38
FRO,7.52,7.77,7.88,7.83,7.49,46,7.32,7.43,7.46,7.215
FRO,7.83,7.82,7.715,7.88,7.73,47,7.52,7.77,7.83,7.49
FRO,7.69,7.62,7.59,7.715,7.58,48,7.83,7.82,7.88,7.73
FRO,7.47,7.55,7.39,7.59,7.455,49,7.69,7.62,7.715,7.58
FRO,7.34,7.24,7.24,7.39,7.21,50,7.47,7.55,7.59,7.455
FRO,7.22,7.08,7.082,7.24,7.07,51,7.34,7.24,7.39,7.21
FRO,7.03,6.81,6.71,7.082,6.78,52,7.22,7.08,7.24,7.07
FRO,6.68,6.5,6.45,6.71,6.48,53,7.03,6.81,7.082,6.78
FRO,6.21,6.43,6.6,6.45,6.1,54,6.68,6.5,6.71,6.48
FRO,6.33,6.56,6.73,6.6,6.23,55,6.21,6.43,6.45,6.1
FRO,6.67,6.51,6.785,6.73,6.46,56,6.33,6.56,6.6,6.23
FRO,6.63,6.59,6.695,6.785,6.51,57,6.67,6.51,6.73,6.46
FRO,6.64,6.63,6.6199,6.695,6.425,58,6.63,6.59,6.785,6.51
FRO,6.52,6.57,6.87,6.6199,6.4,59,6.64,6.63,6.695,6.425
FRO,6.57,6.8,7.08,6.87,6.55,60,6.52,6.57,6.6199,6.4
FRO,6.98,6.89,6.765,7.08,6.8,61,6.57,6.8,6.87,6.55
FRO,6.75,6.62,6.96,6.765,6.61,62,6.98,6.89,7.08,6.8
FRO,6.73,6.92,7.175,6.96,6.68,63,6.75,6.62,6.765,6.61
FRO,6.91,7.12,7.1767,7.175,6.9,64,6.73,6.92,6.96,6.68
FRO,7.1,7.1,7.24,7.1767,7.015,65,6.91,7.12,7.175,6.9
FRO,7.04,7.21,7.54,7.24,7.03,66,7.1,7.1,7.1767,7.015
FRO,7.22,7.38,7.74,7.54,7.21,67,7.04,7.21,7.24,7.03
FRO,7.43,7.61,7.625,7.74,7.39,68,7.22,7.38,7.54,7.21
FRO,7.56,7.52,7.6281,7.625,7.38,69,7.43,7.61,7.74,7.39
FRO,7.47,7.59,7.71,7.6281,7.435,70,7.56,7.52,7.625,7.38
FRO,7.54,7.7,8.385,7.71,7.53,71,7.47,7.59,7.6281,7.435
FRO,7.84,8.23,8.315,8.385,7.82,72,7.54,7.7,7.71,7.53
FRO,8.19,8.06,8.49,8.315,7.99,73,7.84,8.23,8.385,7.82
FRO,8.3,8.46,8.765,8.49,8.21,74,8.19,8.06,8.315,7.99
FRO,8.4,8.51,8.98,8.765,8.37,75,8.3,8.46,8.49,8.21
FRO,8.46,8.975,9.11,8.98,8.34,76,8.4,8.51,8.765,8.37
FRO,8.77,9.06,9.565,9.11,8.745,77,8.46,8.975,8.98,8.34
FRO,9.46,9.41,9.94,9.565,9.2,78,8.77,9.06,9.11,8.745
FRO,9.81,9.53,9.24,9.94,9.37,79,9.46,9.41,9.565,9.2
FRO,9.21,9.16,9.25,9.24,8.92,80,9.81,9.53,9.94,9.37
FRO,9.25,9.12,9.46,9.25,8.9,81,9.21,9.16,9.24,8.92
FRO,9.02,9.44,10.425,9.46,8.98,82,9.25,9.12,9.25,8.9
FRO,9.25,10.33,9.8,10.425,9.2408,83,9.02,9.44,9.46,8.98
FRO,9.76,9.39,9.04,9.8,9.185,84,9.25,10.33,10.425,9.2408
FRO,8.99,8.8,8.94,9.04,8.73,85,9.76,9.39,9.8,9.185
FRO,8.73,8.71,8.6613,8.94,8.655,86,8.99,8.8,9.04,8.73
FRO,8.59,8.28,8.28,8.6613,8.28,87,8.73,8.71,8.94,8.655
FRO,8.27,8.04,8.315,8.28,7.96,88,8.59,8.28,8.6613,8.28
FRO,8.09,8.21,8.595,8.315,7.97,89,8.27,8.04,8.28,7.96
MTG,15.51,15.77,15.96,15.86,15.4,1,15.87,15.3,15.985,15.26
MTG,15.85,15.71,15.66,15.96,15.645,2,15.51,15.77,15.86,15.4
MTG,15.64,15.34,15.525,15.66,15.3,3,15.85,15.71,15.96,15.645
MTG,15.365,15.28,15.495,15.525,15.265,4,15.64,15.34,15.66,15.3
MTG,15.32,15.4,15.45,15.495,15.265,5,15.365,15.28,15.525,15.265
MTG,15.38,15.25,15.49,15.45,15.14,6,15.32,15.4,15.495,15.265
MTG,15.42,15.29,15.54,15.49,15.26,7,15.38,15.25,15.45,15.14
MTG,15.32,15.37,15.19,15.54,15.19,8,15.42,15.29,15.49,15.26
MTG,15.01,14.91,15.11,15.19,14.865,9,15.32,15.37,15.54,15.19
MTG,14.97,14.97,15.135,15.11,14.86,10,15.01,14.91,15.19,14.865
MTG,14.83,14.98,15.365,15.135,14.78,11,14.97,14.97,15.11,14.86
MTG,15.15,15.12,15.3,15.365,15.08,12,14.83,14.98,15.135,14.78
MTG,15.25,15.09,15.32,15.3,15.09,13,15.15,15.12,15.365,15.08
MTG,15.04,15.14,14.8,15.32,15.01,14,15.25,15.09,15.3,15.09
MTG,14.62,14.52,14.745,14.8,14.25,15,15.04,15.14,15.32,15.01
MTG,14.63,14.44,14.34,14.745,14.23,16,14.62,14.52,14.8,14.25
MTG,14.28,14.1,14.605,14.34,14.04,17,14.63,14.44,14.745,14.23
MTG,14.41,13.96,14.315,14.605,13.94,18,14.28,14.1,14.34,14.04
MTG,14.1,14.21,14.4,14.315,14.0,19,14.41,13.96,14.605,13.94
MTG,14.25,14.11,14.45,14.4,13.99,20,14.1,14.21,14.315,14.0
MTG,14.37,14.22,14.53,14.45,14.19,21,14.25,14.11,14.4,13.99
MTG,14.26,14.46,14.59,14.53,14.16,22,14.37,14.22,14.45,14.19
MTG,14.45,14.47,14.545,14.59,14.35,23,14.26,14.46,14.53,14.16
MTG,14.25,14.48,14.63,14.545,14.19,24,14.45,14.47,14.59,14.35
MTG,14.43,14.3,14.325,14.63,14.26,25,14.25,14.48,14.545,14.19
MTG,14.3,14.16,14.38,14.325,14.15,26,14.43,14.3,14.63,14.26
MTG,14.14,14.09,14.17,14.38,14.025,27,14.3,14.16,14.325,14.15
MTG,14.17,14.13,14.34,14.17,13.89,28,14.14,14.09,14.38,14.025
MTG,14.27,14.08,14.11,14.34,14.045,29,14.17,14.13,14.17,13.89
MTG,14.04,13.9,13.79,14.11,13.775,30,14.27,14.08,14.34,14.045
MTG,13.66,13.33,13.8,13.79,13.12,31,14.04,13.9,14.11,13.775
MTG,13.5,13.74,13.88,13.8,13.43,32,13.66,13.33,13.79,13.12
MTG,13.75,13.86,14.19,13.88,13.69,33,13.5,13.74,13.8,13.43
MTG,13.94,14.09,14.445,14.19,13.92,34,13.75,13.86,13.88,13.69
MTG,14.14,14.41,14.505,14.445,14.04,35,13.94,14.09,14.19,13.92
MTG,14.38,14.26,14.5,14.505,14.255,36,14.14,14.41,14.445,14.04
MTG,14.22,14.45,14.55,14.5,14.19,37,14.38,14.26,14.505,14.255
MTG,14.54,14.36,14.505,14.55,14.35,38,14.22,14.45,14.5,14.19
MTG,14.32,14.42,14.665,14.505,14.25,39,14.54,14.36,14.55,14.35
MTG,14.57,14.55,14.95,14.665,14.45,40,14.32,14.42,14.505,14.25
MTG,14.81,14.86,15.035,14.95,14.67,41,14.57,14.55,14.665,14.45
MTG,14.87,14.68,15.17,15.035,14.66,42,14.81,14.86,14.95,14.67
MTG,14.88,15.11,15.64,15.17,14.83,43,14.87,14.68,15.035,14.66
MTG,15.13,15.62,16.3399,15.64,15.08,44,14.88,15.11,15.17,14.83
MTG,15.82,16.31,16.56,16.3399,15.66,45,15.13,15.62,15.64,15.08
MTG,16.31,16.5,16.64,16.56,16.22,46,15.82,16.31,16.3399,15.66
MTG,16.55,16.52,16.845,16.64,16.25,47,16.31,16.5,16.56,16.22
MTG,16.71,16.45,16.46,16.845,16.4,48,16.55,16.52,16.64,16.25
MTG,16.23,16.46,16.49,16.46,16.22,49,16.71,16.45,16.845,16.4
MTG,16.49,16.15,16.2,16.49,16.13,50,16.23,16.46,16.46,16.22
MTG,16.17,15.72,15.97,16.2,15.67,51,16.49,16.15,16.49,16.13
MTG,15.87,15.41,15.47,15.97,15.39,52,16.17,15.72,16.2,15.67
MTG,15.3,15.03,15.28,15.47,14.975,53,15.87,15.41,15.97,15.39
MTG,14.86,15.24,15.47,15.28,14.65,54,15.3,15.03,15.47,14.975
MTG,15.04,15.32,15.61,15.47,14.79,55,14.86,15.24,15.28,14.65
MTG,15.47,15.25,15.46,15.61,14.99,56,15.04,15.32,15.47,14.79
MTG,15.41,14.76,15.08,15.46,14.675,57,15.47,15.25,15.61,14.99
MTG,14.74,15.07,15.205,15.08,14.565,58,15.41,14.76,15.46,14.675
MTG,14.89,15.18,15.35,15.205,14.86,59,14.74,15.07,15.08,14.565
MTG,15.16,15.34,15.32,15.35,15.04,60,14.89,15.18,15.205,14.86
MTG,15.28,15.17,15.69,15.32,15.065,61,15.16,15.34,15.35,15.04
MTG,15.44,15.23,15.545,15.69,15.12,62,15.28,15.17,15.32,15.065
MTG,15.22,15.46,15.83,15.545,15.09,63,15.44,15.23,15.69,15.12
MTG,15.48,15.54,16.235,15.83,15.31,64,15.22,15.46,15.545,15.09
MTG,15.71,16.17,16.41,16.235,15.66,65,15.48,15.54,15.83,15.31
MTG,16.225,15.92,16.24,16.41,15.825,66,15.71,16.17,16.235,15.66
MTG,15.89,15.81,16.115,16.24,15.76,67,16.225,15.92,16.41,15.825
MTG,15.75,15.72,15.89,16.115,15.565,68,15.89,15.81,16.24,15.76
MTG,15.82,15.49,15.81,15.89,15.345,69,15.75,15.72,16.115,15.565
MTG,15.68,15.8,15.965,15.81,15.55,70,15.82,15.49,15.89,15.345
MTG,15.8,15.93,15.84,15.965,15.65,71,15.68,15.8,15.81,15.55
MTG,15.68,15.44,15.7,15.84,15.39,72,15.8,15.93,15.965,15.65
MTG,15.53,15.52,15.555,15.7,15.41,73,15.68,15.44,15.84,15.39
MTG,15.47,15.28,15.58,15.555,15.21,74,15.53,15.52,15.7,15.41
MTG,15.43,15.1,14.9,15.58,15.04,75,15.47,15.28,15.555,15.21
MTG,14.69,14.86,15.39,14.9,14.39,76,15.43,15.1,15.58,15.04
MTG,15.02,15.35,15.23,15.39,14.98,77,14.69,14.86,14.9,14.39
MTG,15.11,15.18,15.105,15.23,14.88,78,15.02,15.35,15.39,14.98
MTG,15.06,14.49,15.24,15.105,14.4,79,15.11,15.18,15.23,14.88
MTG,14.635,15.2,15.29,15.24,14.57,80,15.06,14.49,15.105,14.4
MTG,15.16,14.97,14.73,15.29,14.785,81,14.635,15.2,15.24,14.57
MTG,14.58,14.62,14.55,14.73,14.365,82,15.16,14.97,15.29,14.785
MTG,14.5,13.79,14.13,14.55,13.75,83,14.58,14.62,14.73,14.365
MTG,14.03,13.72,14.24,14.13,13.64,84,14.5,13.79,14.55,13.75
MTG,14.15,14.07,14.05,14.24,14.005,85,14.03,13.72,14.13,13.64
MTG,13.87,14.0,14.245,14.05,13.76,86,14.15,14.07,14.24,14.005
MTG,14.14,13.86,14.2,14.245,13.86,87,13.87,14.0,14.05,13.76
MTG,14.1,13.86,14.12,14.2,13.76,88,14.14,13.86,14.245,13.86
MTG,13.95,13.99,14.405,14.12,13.815,89,14.1,13.86,14.2,13.76
DHT,6.36,6.27,6.41,6.39,6.19,1,6.44,6.35,6.55,6.295
DHT,6.3,6.2,6.27,6.41,6.19,2,6.36,6.27,6.39,6.19
DHT,6.13,6.23,6.255,6.27,6.12,3,6.3,6.2,6.41,6.19
DHT,6.22,6.19,6.315,6.255,6.14,4,6.13,6.23,6.27,6.12
DHT,6.16,6.28,6.33,6.315,6.16,5,6.22,6.19,6.255,6.14
DHT,6.17,6.3,6.27,6.33,6.09,6,6.16,6.28,6.315,6.16
DHT,6.24,6.08,6.07,6.27,6.01,7,6.17,6.3,6.33,6.09
DHT,6.03,5.89,6.02,6.07,5.83,8,6.24,6.08,6.27,6.01
DHT,5.89,5.85,5.91,6.02,5.83,9,6.03,5.89,6.07,5.83
DHT,5.83,5.75,5.83,5.91,5.71,10,5.89,5.85,6.02,5.83
DHT,5.66,5.7,5.765,5.83,5.64,11,5.83,5.75,5.91,5.71
DHT,5.69,5.64,5.675,5.765,5.6,12,5.66,5.7,5.83,5.64
DHT,5.63,5.55,5.79,5.675,5.515,13,5.69,5.64,5.765,5.6
DHT,5.59,5.77,5.67,5.79,5.58,14,5.63,5.55,5.675,5.515
DHT,5.57,5.59,5.675,5.67,5.45,15,5.59,5.77,5.79,5.58
DHT,5.64,5.5,5.59,5.675,5.49,16,5.57,5.59,5.67,5.45
DHT,5.47,5.55,5.65,5.59,5.41,17,5.64,5.5,5.675,5.49
DHT,5.61,5.2,5.415,5.65,5.185,18,5.47,5.55,5.59,5.41
DHT,5.23,5.32,5.33,5.415,5.22,19,5.61,5.2,5.65,5.185
DHT,5.31,5.23,5.44,5.33,5.175,20,5.23,5.32,5.415,5.22
DHT,5.28,5.42,5.66,5.44,5.16,21,5.31,5.23,5.33,5.175
DHT,5.53,5.62,5.705,5.66,5.48,22,5.28,5.42,5.44,5.16
DHT,5.57,5.67,5.56,5.705,5.55,23,5.53,5.62,5.66,5.48
DHT,5.53,5.46,5.5437,5.56,5.41,24,5.57,5.67,5.705,5.55
DHT,5.48,5.48,5.46,5.5437,5.44,25,5.53,5.46,5.56,5.41
DHT,5.45,5.41,5.405,5.46,5.34,26,5.48,5.48,5.5437,5.44
DHT,5.37,5.34,5.34,5.405,5.32,27,5.45,5.41,5.46,5.34
DHT,5.33,5.3,5.41,5.34,5.14,28,5.37,5.34,5.405,5.32
DHT,5.35,5.3,5.33,5.41,5.26,29,5.33,5.3,5.34,5.14
DHT,5.27,5.25,5.26,5.33,5.16,30,5.35,5.3,5.41,5.26
DHT,5.19,5.25,5.325,5.26,5.11,31,5.27,5.25,5.33,5.16
DHT,5.285,5.27,5.32,5.325,5.255,32,5.19,5.25,5.26,5.11
DHT,5.25,5.32,5.34,5.32,5.2,33,5.285,5.27,5.325,5.255
DHT,5.32,5.25,5.29,5.34,5.19,34,5.25,5.32,5.32,5.2
DHT,5.255,5.26,5.34,5.29,5.2,35,5.32,5.25,5.34,5.19
DHT,5.27,5.23,5.28,5.34,5.218,36,5.255,5.26,5.29,5.2
DHT,5.21,5.11,5.24,5.28,5.11,37,5.27,5.23,5.34,5.218
DHT,5.145,5.17,5.2,5.24,5.125,38,5.21,5.11,5.28,5.11
DHT,5.15,5.19,5.39,5.2,5.095,39,5.145,5.17,5.24,5.125
DHT,5.22,5.38,5.55,5.39,5.215,40,5.15,5.19,5.2,5.095
DHT,5.49,5.46,5.575,5.55,5.39,41,5.22,5.38,5.39,5.215
DHT,5.47,5.3,5.4,5.575,5.3,42,5.49,5.46,5.55,5.39
DHT,5.315,5.26,5.35,5.4,5.25,43,5.47,5.3,5.575,5.3
DHT,5.32,5.34,5.37,5.35,5.24,44,5.315,5.26,5.4,5.25
DHT,5.3,5.37,5.565,5.37,5.2,45,5.32,5.34,5.35,5.24
DHT,5.39,5.5,5.66,5.565,5.39,46,5.3,5.37,5.37,5.2
DHT,5.57,5.64,5.68,5.66,5.53,47,5.39,5.5,5.565,5.39
DHT,5.64,5.57,5.63,5.68,5.51,48,5.57,5.64,5.66,5.53
DHT,5.58,5.6,5.55,5.63,5.53,49,5.64,5.57,5.68,5.51
DHT,5.54,5.33,5.37,5.55,5.32,50,5.58,5.6,5.63,5.53
DHT,5.33,5.28,5.355,5.37,5.27,51,5.54,5.33,5.55,5.32
DHT,5.3,5.14,5.13,5.355,5.13,52,5.33,5.28,5.37,5.27
DHT,5.08,4.93,4.88,5.13,4.91,53,5.3,5.14,5.355,5.13
DHT,4.85,4.77,4.9,4.88,4.55,54,5.08,4.93,5.13,4.91
DHT,4.69,4.84,5.015,4.9,4.63,55,4.85,4.77,4.88,4.55
DHT,4.91,4.88,5.08,5.015,4.82,56,4.69,4.84,4.9,4.63
DHT,4.91,4.97,4.98,5.08,4.9,57,4.91,4.88,5.015,4.82
DHT,4.94,4.92,4.93,4.98,4.79,58,4.91,4.97,5.08,4.9
DHT,4.84,4.88,5.065,4.93,4.725,59,4.94,4.92,4.98,4.79
DHT,4.88,5.04,5.19,5.065,4.86,60,4.84,4.88,4.93,4.725
DHT,5.11,4.98,4.95,5.19,4.95,61,4.88,5.04,5.065,4.86
DHT,4.9,4.88,5.01,4.95,4.8128,62,5.11,4.98,5.19,4.95
DHT,4.89,4.98,5.14,5.01,4.82,63,4.9,4.88,4.95,4.8128
DHT,4.99,5.05,5.49,5.14,4.97,64,4.89,4.98,5.01,4.82
DHT,5.23,5.45,5.4721,5.49,5.22,65,4.99,5.05,5.14,4.97
DHT,5.44,5.45,5.62,5.4721,5.29,66,5.23,5.45,5.49,5.22
DHT,5.44,5.54,5.88,5.62,5.42,67,5.44,5.45,5.4721,5.29
DHT,5.55,5.68,5.71,5.88,5.55,68,5.44,5.54,5.62,5.42
DHT,5.7,5.53,5.58,5.71,5.44,69,5.55,5.68,5.88,5.55
DHT,5.5,5.54,5.66,5.58,5.46,70,5.7,5.53,5.71,5.44
DHT,5.55,5.66,5.78,5.66,5.53,71,5.5,5.54,5.58,5.46
DHT,5.66,5.64,5.64,5.78,5.605,72,5.55,5.66,5.66,5.53
DHT,5.6,5.47,5.69,5.64,5.455,73,5.66,5.64,5.78,5.605
DHT,5.54,5.64,5.7,5.69,5.48,74,5.6,5.47,5.64,5.455
DHT,5.66,5.63,5.995,5.7,5.57,75,5.54,5.64,5.69,5.48
DHT,5.6,5.95,6.02,5.995,5.5513,76,5.66,5.63,5.7,5.57
DHT,5.96,5.95,6.415,6.02,5.87,77,5.6,5.95,5.995,5.5513
DHT,6.1,6.29,6.5,6.415,6.05,78,5.96,5.95,6.02,5.87
DHT,6.46,6.26,6.2594,6.5,6.07,79,6.1,6.29,6.415,6.05
DHT,6.25,6.17,6.31,6.2594,6.08,80,6.46,6.26,6.5,6.07
DHT,6.3,6.19,6.18,6.31,6.035,81,6.25,6.17,6.2594,6.08
DHT,6.17,6.12,6.385,6.18,5.8,82,6.3,6.19,6.31,6.035
DHT,6.12,6.19,6.28,6.385,6.07,83,6.17,6.12,6.18,5.8
DHT,6.22,6.12,6.01,6.28,5.875,84,6.12,6.19,6.385,6.07
DHT,5.98,5.76,5.9499,6.01,5.7,85,6.22,6.12,6.28,5.875
DHT,5.76,5.9,5.8532,5.9499,5.74,86,5.98,5.76,6.01,5.7
DHT,5.81,5.51,5.47,5.8532,5.51,87,5.76,5.9,5.9499,5.74
DHT,5.46,5.3,5.42,5.47,5.26,88,5.81,5.51,5.8532,5.51
DHT,5.19,5.35,5.655,5.42,5.14,89,5.46,5.3,5.47,5.26
FTCV,10.75,10.68,10.85,10.86,10.52,1,11.0,10.84,11.0385,10.6801
FTCV,10.63,10.78,10.82,10.85,10.53,2,10.75,10.68,10.86,10.52
FTCV,10.8,10.73,10.98,10.82,10.58,3,10.63,10.78,10.85,10.53
FTCV,10.72,10.69,10.7999,10.98,10.55,4,10.8,10.73,10.82,10.58
FTCV,10.75,10.61,10.7299,10.7999,10.51,5,10.72,10.69,10.98,10.55
FTCV,10.69,10.47,10.6499,10.7299,10.37,6,10.75,10.61,10.7999,10.51
FTCV,10.61,10.48,10.5899,10.6499,10.4201,7,10.69,10.47,10.7299,10.37
FTCV,10.57,10.28,10.5,10.5899,10.22,8,10.61,10.48,10.6499,10.4201
FTCV,10.34,10.36,10.542,10.5,10.33,9,10.57,10.28,10.5899,10.22
FTCV,10.4,10.44,10.48,10.542,10.29,10,10.34,10.36,10.5,10.33
FTCV,10.37,10.34,10.47,10.48,10.3,11,10.4,10.44,10.542,10.29
FTCV,10.36,10.39,10.38,10.47,10.25,12,10.37,10.34,10.48,10.3
FTCV,10.33,10.29,10.3399,10.38,10.22,13,10.36,10.39,10.47,10.25
FTCV,10.25,10.3,10.32,10.3399,10.16,14,10.33,10.29,10.38,10.22
FTCV,10.21,10.26,10.37,10.32,10.17,15,10.25,10.3,10.3399,10.16
FTCV,10.25,10.28,10.3166,10.37,10.24,16,10.21,10.26,10.32,10.17
FTCV,10.28,10.28,10.35,10.3166,10.18,17,10.25,10.28,10.37,10.24
FTCV,10.29,10.23,10.25,10.35,10.2,18,10.28,10.28,10.3166,10.18
FTCV,10.25,10.13,10.1579,10.25,10.1,19,10.29,10.23,10.35,10.2
FTCV,10.13,10.05,10.06,10.1579,10.03,20,10.25,10.13,10.25,10.1
FTCV,10.01,10.04,10.1,10.06,10.0,21,10.13,10.05,10.1579,10.03
FTCV,10.05,10.05,10.09,10.1,10.04,22,10.01,10.04,10.06,10.0
FTCV,10.05,10.06,10.1,10.09,10.03,23,10.05,10.05,10.1,10.04
FTCV,10.06,10.05,10.08,10.1,10.03,24,10.05,10.06,10.09,10.03
FTCV,10.04,10.06,10.03,10.08,10.01,25,10.06,10.05,10.1,10.03
FTCV,10.0,9.98,10.03,10.03,9.95,26,10.04,10.06,10.08,10.01
FTCV,9.96,9.99,10.05,10.03,9.92,27,10.0,9.98,10.03,9.95
FTCV,9.96,10.04,10.0,10.05,9.95,28,9.96,9.99,10.03,9.92
FTCV,9.97,9.99,10.0096,10.0,9.96,29,9.96,10.04,10.05,9.95
FTCV,9.95,9.99,9.965,10.0096,9.92,30,9.97,9.99,10.0,9.96
FTCV,9.92,9.86,9.86,9.965,9.745,31,9.95,9.99,10.0096,9.92
FTCV,9.83,9.85,9.9,9.86,9.81,32,9.92,9.86,9.965,9.745
FTCV,9.85,9.87,9.9,9.9,9.85,33,9.83,9.85,9.86,9.81
FTCV,9.86,9.86,9.9,9.9,9.86,34,9.85,9.87,9.9,9.85
FTCV,9.86,9.86,9.89,9.9,9.86,35,9.86,9.86,9.9,9.86
FTCV,9.86,9.87,9.89,9.89,9.85,36,9.86,9.86,9.9,9.86
FTCV,9.86,9.85,9.9,9.89,9.85,37,9.86,9.87,9.89,9.85
FTCV,9.86,9.87,9.96,9.9,9.85,38,9.86,9.85,9.89,9.85
FTCV,9.9,9.92,9.97,9.96,9.89,39,9.86,9.87,9.9,9.85
FTCV,9.91,9.94,9.96,9.97,9.91,40,9.9,9.92,9.96,9.89
FTCV,9.91,9.94,9.96,9.96,9.91,41,9.91,9.94,9.97,9.91
FTCV,9.93,9.9,9.96,9.96,9.89,42,9.91,9.94,9.96,9.91
FTCV,9.91,9.95,9.965,9.96,9.91,43,9.93,9.9,9.96,9.89
FTCV,9.95,9.93,9.97,9.965,9.91,44,9.91,9.95,9.96,9.91
FTCV,9.93,9.91,9.9298,9.97,9.91,45,9.95,9.93,9.965,9.91
FTCV,9.92,9.91,9.93,9.9298,9.91,46,9.93,9.91,9.97,9.91
FTCV,9.91,9.91,9.94,9.93,9.91,47,9.92,9.91,9.9298,9.91
FTCV,9.92,9.93,9.9399,9.94,9.91,48,9.91,9.91,9.93,9.91
FTCV,9.91,9.93,9.93,9.9399,9.9,49,9.92,9.93,9.94,9.91
FTCV,9.91,9.86,9.9,9.93,9.84,50,9.91,9.93,9.9399,9.9
FTCV,9.86,9.87,9.9,9.9,9.85,51,9.91,9.86,9.93,9.84
FTCV,9.87,9.88,9.9,9.9,9.86,52,9.86,9.87,9.9,9.85
FTCV,9.87,9.87,9.88,9.9,9.85,53,9.87,9.88,9.9,9.86
FTCV,9.87,9.85,9.8899,9.88,9.82,54,9.87,9.87,9.9,9.85
FTCV,9.82,9.85,9.9,9.8899,9.82,55,9.87,9.85,9.88,9.82
FTCV,9.87,9.86,9.89,9.9,9.84,56,9.82,9.85,9.8899,9.82
FTCV,9.84,9.87,9.885,9.89,9.83,57,9.87,9.86,9.9,9.84
FTCV,9.85,9.85,9.87,9.885,9.82,58,9.84,9.87,9.89,9.83
FTCV,9.83,9.85,9.89,9.87,9.83,59,9.85,9.85,9.885,9.82
FTCV,9.84,9.87,9.9,9.89,9.82,60,9.83,9.85,9.87,9.83
FTCV,9.9,9.88,9.9,9.9,9.88,61,9.84,9.87,9.89,9.82
FTCV,9.89,9.88,9.9,9.9,9.88,62,9.9,9.88,9.9,9.88
FTCV,9.89,9.88,9.9,9.9,9.88,63,9.89,9.88,9.9,9.88
FTCV,9.89,9.88,9.9,9.9,9.88,64,9.89,9.88,9.9,9.88
FTCV,9.895,9.9,9.9,9.9,9.89,65,9.89,9.88,9.9,9.88
FTCV,9.89,9.89,9.91,9.9,9.89,66,9.895,9.9,9.9,9.89
FTCV,9.89,9.9,9.89,9.91,9.89,67,9.89,9.89,9.9,9.89
FTCV,9.88,9.88,9.9,9.89,9.87,68,9.89,9.9,9.91,9.89
FTCV,9.9,9.9,9.93,9.9,9.89,69,9.88,9.88,9.89,9.87
FTCV,9.88,9.92,9.93,9.93,9.85,70,9.9,9.9,9.9,9.89
FTCV,9.92,9.92,9.985,9.93,9.91,71,9.88,9.92,9.93,9.85
FTCV,9.92,9.95,9.96,9.985,9.88,72,9.92,9.92,9.93,9.91
FTCV,9.94,9.95,9.95,9.96,9.88,73,9.92,9.95,9.985,9.88
FTCV,9.94,9.88,9.8911,9.95,9.87,74,9.94,9.95,9.96,9.88
FTCV,9.89,9.85,9.87,9.8911,9.85,75,9.94,9.88,9.95,9.87
FTCV,9.84,9.86,9.895,9.87,9.83,76,9.89,9.85,9.8911,9.85
FTCV,9.86,9.88,9.9,9.895,9.84,77,9.84,9.86,9.87,9.83
FTCV,9.88,9.88,9.905,9.9,9.87,78,9.86,9.88,9.895,9.84
FTCV,9.86,9.89,9.92,9.905,9.85,79,9.88,9.88,9.9,9.87
FTCV,9.89,9.88,9.9044,9.92,9.865,80,9.86,9.89,9.905,9.85
FTCV,9.88,9.88,9.89,9.9044,9.88,81,9.89,9.88,9.92,9.865
FTCV,9.88,9.87,9.91,9.89,9.865,82,9.88,9.88,9.9044,9.88
FTCV,9.9,9.87,9.8901,9.91,9.87,83,9.88,9.87,9.89,9.865
FTCV,9.89,9.87,9.9,9.8901,9.85,84,9.9,9.87,9.91,9.87
FTCV,9.89,9.87,9.884,9.9,9.86,85,9.89,9.87,9.8901,9.85
FTCV,9.87,9.88,9.89,9.884,9.86,86,9.89,9.87,9.9,9.86
FTCV,9.87,9.87,9.89,9.89,9.87,87,9.87,9.88,9.884,9.86
FTCV,9.87,9.87,9.8895,9.89,9.86,88,9.87,9.87,9.89,9.87
FTCV,9.87,9.865,9.885,9.8895,9.86,89,9.87,9.87,9.89,9.86
AMKR,23.66,23.52,24.14,23.92,23.23,1,23.0,23.4,23.53,22.91
AMKR,23.75,23.79,23.9322,24.14,23.64,2,23.66,23.52,23.92,23.23
AMKR,23.85,23.52,23.445,23.9322,23.15,3,23.75,23.79,24.14,23.64
AMKR,23.15,22.69,23.26,23.445,22.59,4,23.85,23.52,23.9322,23.15
AMKR,23.0,23.1,23.44,23.26,22.86,5,23.15,22.69,23.445,22.59
AMKR,23.07,23.3,23.54,23.44,23.02,6,23.0,23.1,23.26,22.86
AMKR,23.49,23.39,24.22,23.54,23.12,7,23.07,23.3,23.44,23.02
AMKR,23.29,24.14,24.56,24.22,23.125,8,23.49,23.39,23.54,23.12
AMKR,24.2,24.45,24.88,24.56,23.54,9,23.29,24.14,24.22,23.125
AMKR,24.69,24.83,25.7279,24.88,24.42,10,24.2,24.45,24.56,23.54
AMKR,24.89,25.26,25.51,25.7279,24.62,11,24.69,24.83,24.88,24.42
AMKR,25.4,23.21,23.705,25.51,23.1801,12,24.89,25.26,25.7279,24.62
AMKR,23.31,23.39,23.3,23.705,23.08,13,25.4,23.21,25.51,23.1801
AMKR,23.17,23.27,22.98,23.3,22.845,14,23.31,23.39,23.705,23.08
AMKR,22.45,22.23,23.0,22.98,21.98,15,23.17,23.27,23.3,22.845
AMKR,22.8,22.42,22.67,23.0,22.12,16,22.45,22.23,22.98,21.98
AMKR,22.32,21.56,23.08,22.67,21.23,17,22.8,22.42,23.0,22.12
AMKR,22.09,22.04,22.439,23.08,21.9365,18,22.32,21.56,22.67,21.23
AMKR,21.9,22.31,22.82,22.439,21.67,19,22.09,22.04,23.08,21.9365
AMKR,22.51,22.79,23.18,22.82,22.21,20,21.9,22.31,22.439,21.67
AMKR,22.79,23.0,24.74,23.18,22.3,21,22.51,22.79,22.82,22.21
AMKR,23.48,24.49,24.45,24.74,23.46,22,22.79,23.0,23.18,22.3
AMKR,24.46,24.42,24.26,24.45,23.77,23,23.48,24.49,24.74,23.46
AMKR,24.07,23.57,24.33,24.26,23.57,24,24.46,24.42,24.45,23.77
AMKR,24.12,23.39,23.43,24.33,23.22,25,24.07,23.57,24.26,23.57
AMKR,23.4,22.4,22.39,23.43,22.27,26,24.12,23.39,24.33,23.22
AMKR,22.06,22.26,23.08,22.39,21.75,27,23.4,22.4,23.43,22.27
AMKR,22.04,23.06,23.34,23.08,21.93,28,22.06,22.26,22.39,21.75
AMKR,23.25,21.71,22.39,23.34,21.55,29,22.04,23.06,23.08,21.93
AMKR,21.67,22.14,22.005,22.39,21.54,30,23.25,21.71,23.34,21.55
AMKR,21.6,21.77,22.6625,22.005,21.07,31,21.67,22.14,22.39,21.54
AMKR,22.44,22.6,22.9,22.6625,22.05,32,21.6,21.77,22.005,21.07
AMKR,22.46,22.88,23.3,22.9,22.11,33,22.44,22.6,22.6625,22.05
AMKR,23.02,23.13,23.74,23.3,22.87,34,22.46,22.88,22.9,22.11
AMKR,23.19,23.71,24.27,23.74,23.1629,35,23.02,23.13,23.3,22.87
AMKR,23.88,23.93,24.86,24.27,23.67,36,23.19,23.71,23.74,23.1629
AMKR,24.16,24.81,24.99,24.86,23.96,37,23.88,23.93,24.27,23.67
AMKR,24.64,24.6,24.97,24.99,24.3707,38,24.16,24.81,24.86,23.96
AMKR,24.83,24.79,26.36,24.97,24.64,39,24.64,24.6,24.99,24.3707
AMKR,25.2,26.24,26.64,26.36,25.0,40,24.83,24.79,24.97,24.64
AMKR,26.36,25.84,26.16,26.64,25.2,41,25.2,26.24,26.36,25.0
AMKR,26.0,25.05,25.45,26.16,25.03,42,26.36,25.84,26.64,25.2
AMKR,24.99,25.2,25.45,25.45,24.64,43,26.0,25.05,26.16,25.03
AMKR,25.4,23.71,23.73,25.45,23.66,44,24.99,25.2,25.45,24.64
AMKR,23.19,23.7,24.465,23.73,22.73,45,25.4,23.71,25.45,23.66
AMKR,23.55,24.32,24.88,24.465,23.28,46,23.19,23.7,23.73,22.73
AMKR,24.7,24.3,24.9,24.88,23.87,47,23.55,24.32,24.465,23.28
AMKR,24.71,23.97,25.02,24.9,23.85,48,24.7,24.3,24.88,23.87
AMKR,23.81,24.99,24.5,25.02,23.4112,49,24.71,23.97,24.9,23.85
AMKR,24.5,23.25,24.0,24.5,23.22,50,23.81,24.99,25.02,23.4112
AMKR,23.59,22.56,23.35,24.0,22.55,51,24.5,23.25,24.5,23.22
AMKR,22.88,22.17,22.5499,23.35,22.15,52,23.59,22.56,24.0,22.55
AMKR,21.91,21.6,22.225,22.5499,21.6,53,22.88,22.17,23.35,22.15
AMKR,21.23,22.21,21.9,22.225,20.35,54,21.91,21.6,22.5499,21.6
AMKR,21.51,21.34,22.46,21.9,21.04,55,21.23,22.21,22.225,20.35
AMKR,22.17,21.47,21.735,22.46,21.21,56,21.51,21.34,21.9,21.04
AMKR,21.6,20.36,21.02,21.735,20.11,57,22.17,21.47,22.46,21.21
AMKR,20.52,21.02,22.04,21.02,19.78,58,21.6,20.36,21.735,20.11
AMKR,21.19,22.02,22.39,22.04,21.02,59,20.52,21.02,21.02,19.78
AMKR,22.28,21.95,22.44,22.39,21.44,60,21.19,22.02,22.04,21.02
AMKR,22.15,22.09,21.87,22.44,21.811,61,22.28,21.95,22.39,21.44
AMKR,21.62,21.18,21.13,21.87,21.08,62,22.15,22.09,22.44,21.811
AMKR,20.96,20.96,21.425,21.13,20.53,63,21.62,21.18,21.87,21.08
AMKR,21.16,20.93,21.85,21.425,20.7,64,20.96,20.96,21.13,20.53
AMKR,21.08,21.77,23.2,21.85,20.87,65,21.16,20.93,21.425,20.7
AMKR,22.18,23.08,23.37,23.2,22.13,66,21.08,21.77,21.85,20.87
AMKR,22.36,22.19,22.29,23.37,22.09,67,22.18,23.08,23.2,22.13
AMKR,22.25,20.9,21.46,22.29,20.69,68,22.36,22.19,23.37,22.09
AMKR,21.18,21.15,24.2,21.46,20.6,69,22.25,20.9,22.29,20.69
AMKR,21.96,24.19,25.03,24.2,21.51,70,21.18,21.15,21.46,20.6
AMKR,23.84,24.96,24.72,25.03,23.66,71,21.96,24.19,24.2,21.51
AMKR,24.57,24.19,24.44,24.72,23.6338,72,23.84,24.96,25.03,23.66
AMKR,24.44,23.46,23.6,24.44,23.22,73,24.57,24.19,24.72,23.6338
AMKR,23.0,22.73,23.22,23.6,22.37,74,24.44,23.46,24.44,23.22
AMKR,23.15,21.81,23.3,23.22,21.69,75,23.0,22.73,23.6,22.37
AMKR,20.88,23.26,23.53,23.3,20.78,76,23.15,21.81,23.22,21.69
AMKR,23.09,23.4,23.39,23.53,22.76,77,20.88,23.26,23.3,20.78
AMKR,22.91,22.67,22.88,23.39,22.35,78,23.09,23.4,23.53,22.76
AMKR,22.81,21.44,22.47,22.88,21.29,79,22.91,22.67,23.39,22.35
AMKR,21.81,22.31,22.56,22.47,21.6855,80,22.81,21.44,22.88,21.29
AMKR,22.42,21.94,21.78,22.56,21.72,81,21.81,22.31,22.47,21.6855
AMKR,21.5,21.11,21.51,21.78,20.9,82,22.42,21.94,22.56,21.72
AMKR,21.3,19.89,21.37,21.51,19.87,83,21.5,21.11,21.78,20.9
AMKR,20.11,20.5,21.67,21.37,19.76,84,21.3,19.89,21.51,19.87
AMKR,21.32,21.34,21.26,21.67,21.04,85,20.11,20.5,21.37,19.76
AMKR,20.81,21.2,21.76,21.26,20.59,86,21.32,21.34,21.67,21.04
AMKR,21.59,20.82,21.235,21.76,20.78,87,20.81,21.2,21.26,20.59
AMKR,20.87,20.92,21.66,21.235,20.59,88,21.59,20.82,21.76,20.78
AMKR,21.1,21.48,22.71,21.66,21.02,89,20.87,20.92,21.235,20.59
OLLI,71.09,72.91,72.94,73.26,70.9,1,73.45,70.26,74.085,70.18
OLLI,72.82,72.21,73.12,72.94,71.66,2,71.09,72.91,73.26,70.9
OLLI,72.31,70.23,70.9,73.12,70.16,3,72.82,72.21,72.94,71.66
OLLI,70.09,67.75,67.97,70.9,67.58,4,72.31,70.23,73.12,70.16
OLLI,67.64,66.25,67.155,67.97,66.15,5,70.09,67.75,70.9,67.58
OLLI,66.77,65.16,69.71,67.155,65.03,6,67.64,66.25,67.97,66.15
OLLI,65.8,67.7,68.79,69.71,65.77,7,66.77,65.16,67.155,65.03
OLLI,67.54,68.67,68.95,68.79,67.28,8,65.8,67.7,69.71,65.77
OLLI,68.17,67.28,68.57,68.95,66.83,9,67.54,68.67,68.79,67.28
OLLI,67.88,67.36,67.44,68.57,66.78,10,68.17,67.28,68.95,66.83
OLLI,66.92,66.04,70.26,67.44,65.17,11,67.88,67.36,68.57,66.78
OLLI,66.56,69.19,69.055,70.26,66.25,12,66.92,66.04,67.44,65.17
OLLI,68.49,66.39,66.065,69.055,65.32,13,66.56,69.19,70.26,66.25
OLLI,65.59,65.92,66.93,66.065,64.0122,14,68.49,66.39,69.055,65.32
OLLI,64.48,64.62,66.245,66.93,64.33,15,65.59,65.92,66.065,64.0122
OLLI,65.4,63.32,63.59,66.245,63.26,16,64.48,64.62,66.93,64.33
OLLI,62.77,61.89,65.81,63.59,60.77,17,65.4,63.32,66.245,63.26
OLLI,62.77,61.22,63.65,65.81,61.135,18,62.77,61.89,63.59,60.77
OLLI,61.95,62.86,52.95,63.65,60.6774,19,62.77,61.22,65.81,61.135
OLLI,51.05,49.99,56.43,52.95,49.03,20,61.95,62.86,63.65,60.6774
OLLI,50.16,53.68,54.77,56.43,50.13,21,51.05,49.99,52.95,49.03
OLLI,54.47,51.53,52.25,54.77,51.44,22,50.16,53.68,56.43,50.13
OLLI,51.27,51.22,51.16,52.25,50.44,23,54.47,51.53,54.77,51.44
OLLI,51.12,49.73,50.64,51.16,49.69,24,51.27,51.22,52.25,50.44
OLLI,49.89,49.96,51.105,50.64,48.995,25,51.12,49.73,51.16,49.69
OLLI,49.59,50.47,51.5,51.105,49.17,26,49.89,49.96,50.64,48.995
OLLI,47.71,50.61,50.2891,51.5,47.26,27,49.59,50.47,51.105,49.17
OLLI,49.51,49.18,49.95,50.2891,48.2,28,47.71,50.61,51.5,47.26
OLLI,49.2,47.65,49.42,49.95,47.21,29,49.51,49.18,50.2891,48.2
OLLI,47.64,48.89,48.375,49.42,46.58,30,49.2,47.65,49.95,47.21
OLLI,48.1,46.21,48.06,48.375,46.03,31,47.64,48.89,49.42,46.58
OLLI,46.48,46.68,47.32,48.06,46.2,32,48.1,46.21,48.375,46.03
OLLI,46.52,46.3,48.36,47.32,46.2,33,46.48,46.68,48.06,46.2
OLLI,46.2,48.05,49.75,48.36,45.55,34,46.52,46.3,47.32,46.2
OLLI,48.24,49.68,51.125,49.75,47.8801,35,46.2,48.05,48.36,45.55
OLLI,49.45,50.65,51.94,51.125,49.26,36,48.24,49.68,49.75,47.8801
OLLI,50.39,51.13,52.97,51.94,50.19,37,49.45,50.65,51.125,49.26
OLLI,50.97,51.86,52.33,52.97,50.76,38,50.39,51.13,51.94,50.19
OLLI,51.73,51.19,53.88,52.33,51.04,39,50.97,51.86,52.97,50.76
OLLI,51.88,52.41,53.41,53.88,51.61,40,51.73,51.19,52.33,51.04
OLLI,52.7,51.15,52.526,53.41,50.89,41,51.88,52.41,53.88,51.61
OLLI,50.82,49.54,51.0166,52.526,49.29,42,52.7,51.15,53.41,50.89
OLLI,49.16,49.23,50.59,51.0166,48.11,43,50.82,49.54,52.526,49.29
OLLI,49.44,49.71,49.51,50.59,48.3,44,49.16,49.23,51.0166,48.11
OLLI,49.27,48.37,48.39,49.51,46.44,45,49.44,49.71,50.59,48.3
OLLI,48.37,48.04,49.49,48.39,47.19,46,49.27,48.37,49.51,46.44
OLLI,49.23,47.85,48.095,49.49,47.27,47,48.37,48.04,48.39,47.19
OLLI,47.5,47.22,47.28,48.095,46.89,48,49.23,47.85,49.49,47.27
OLLI,46.73,45.2,44.93,47.28,44.8,49,47.5,47.22,48.095,46.89
OLLI,44.51,44.02,47.2,44.93,43.63,50,46.73,45.2,47.28,44.8
OLLI,45.03,45.61,46.99,47.2,43.99,51,44.51,44.02,44.93,43.63
OLLI,45.94,44.17,45.34,46.99,44.09,52,45.03,45.61,47.2,43.99
OLLI,44.06,44.35,48.3799,45.34,43.6,53,45.94,44.17,46.99,44.09
OLLI,43.77,48.16,47.98,48.3799,43.5,54,44.06,44.35,45.34,43.6
OLLI,47.34,46.26,47.39,47.98,45.85,55,43.77,48.16,48.3799,43.5
OLLI,47.0,44.33,46.13,47.39,43.78,56,47.34,46.26,47.98,45.85
OLLI,45.34,44.06,44.96,46.13,43.59,57,47.0,44.33,47.39,43.78
OLLI,43.26,44.93,48.0,44.96,42.4,58,45.34,44.06,46.13,43.59
OLLI,45.19,47.94,48.73,48.0,44.89,59,43.26,44.93,44.96,42.4
OLLI,47.95,48.39,48.4,48.73,47.176,60,45.19,47.94,48.0,44.89
OLLI,48.25,47.23,47.8857,48.4,46.76,61,47.95,48.39,48.73,47.176
OLLI,46.79,46.61,47.14,47.8857,46.24,62,48.25,47.23,48.4,46.76
OLLI,46.65,46.89,47.31,47.14,44.71,63,46.79,46.61,47.8857,46.24
OLLI,46.41,45.92,47.22,47.31,45.595,64,46.65,46.89,47.14,44.71
OLLI,45.8,46.25,47.54,47.22,45.21,65,46.41,45.92,47.31,45.595
OLLI,46.79,47.28,48.29,47.54,45.6,66,45.8,46.25,47.22,45.21
OLLI,46.51,45.88,46.56,48.29,45.52,67,46.79,47.28,47.54,45.6
OLLI,46.14,44.94,46.38,46.56,44.8,68,46.51,45.88,48.29,45.52
OLLI,44.92,45.24,46.78,46.38,44.85,69,46.14,44.94,46.56,44.8
OLLI,46.58,45.11,45.0,46.78,44.63,70,44.92,45.24,46.38,44.85
OLLI,44.86,43.04,43.08,45.0,42.28,71,46.58,45.11,46.78,44.63
OLLI,42.79,41.23,43.01,43.08,40.97,72,44.86,43.04,45.0,42.28
OLLI,41.59,41.96,43.17,43.01,41.02,73,42.79,41.23,43.08,40.97
OLLI,41.96,41.0,42.185,43.17,40.91,74,41.59,41.96,43.01,41.02
OLLI,41.02,40.94,42.06,42.185,40.18,75,41.96,41.0,43.17,40.91
OLLI,39.52,41.7,43.5,42.06,39.23,76,41.02,40.94,42.185,40.18
OLLI,41.85,43.36,43.91,43.5,41.12,77,39.52,41.7,42.06,39.23
OLLI,43.06,43.18,44.71,43.91,42.31,78,41.85,43.36,43.5,41.12
OLLI,43.55,43.43,46.07,44.71,42.5,79,43.06,43.18,43.91,42.31
OLLI,43.53,44.3,45.27,46.07,42.51,80,43.55,43.43,44.71,42.5
OLLI,44.34,43.44,44.72,45.27,43.01,81,43.53,44.3,46.07,42.51
OLLI,43.05,44.38,44.75,44.72,42.81,82,44.34,43.44,45.27,43.01
OLLI,44.23,42.51,46.3,44.75,42.45,83,43.05,44.38,44.72,42.81
OLLI,42.72,44.53,45.76,46.3,41.915,84,44.23,42.51,44.75,42.45
OLLI,45.35,44.42,43.53,45.76,43.77,85,42.72,44.53,46.3,41.915
OLLI,43.0,42.0,42.985,43.53,40.83,86,45.35,44.42,45.76,43.77
OLLI,42.31,39.22,39.43,42.985,38.75,87,43.0,42.0,43.53,40.83
OLLI,39.43,38.09,40.71,39.43,37.6701,88,42.31,39.22,42.985,38.75
OLLI,38.23,40.59,43.15,40.71,38.11,89,39.43,38.09,39.43,37.6701
APLE,16.84,16.67,17.02,17.44,16.4,1,16.59,16.45,16.77,16.34
APLE,16.81,16.15,16.3,17.02,16.0,2,16.84,16.67,17.44,16.4
APLE,16.03,16.29,16.47,16.3,15.92,3,16.81,16.15,17.02,16.0
APLE,16.14,16.22,16.25,16.47,16.08,4,16.03,16.29,16.3,15.92
APLE,16.21,16.02,16.27,16.25,15.87,5,16.14,16.22,16.47,16.08
APLE,16.13,15.95,16.02,16.27,15.865,6,16.21,16.02,16.25,15.87
APLE,16.02,16.0,16.0,16.02,15.785,7,16.13,15.95,16.27,15.865
APLE,15.955,15.83,15.86,16.0,15.63,8,16.02,16.0,16.02,15.785
APLE,15.74,15.84,15.92,15.86,15.64,9,15.955,15.83,16.0,15.63
APLE,15.84,15.56,15.69,15.92,15.49,10,15.74,15.84,15.86,15.64
APLE,15.305,15.65,15.92,15.69,15.15,11,15.84,15.56,15.92,15.49
APLE,15.73,15.65,16.065,15.92,15.58,12,15.305,15.65,15.69,15.15
APLE,15.64,15.81,15.935,16.065,15.6,13,15.73,15.65,15.92,15.58
APLE,15.8,15.85,15.3,15.935,15.71,14,15.64,15.81,16.065,15.6
APLE,15.11,15.26,15.515,15.3,14.36,15,15.8,15.85,15.935,15.71
APLE,15.39,15.39,15.22,15.515,15.15,16,15.11,15.26,15.3,14.36
APLE,15.13,15.02,15.33,15.22,14.94,17,15.39,15.39,15.515,15.15
APLE,15.27,14.62,15.455,15.33,14.555,18,15.13,15.02,15.22,14.94
APLE,14.79,15.19,15.27,15.455,14.6,19,15.27,14.62,15.33,14.555
APLE,15.1,15.02,16.06,15.27,14.91,20,14.79,15.19,15.455,14.6
APLE,15.2,15.76,16.01,16.06,15.2,21,15.1,15.02,15.27,14.91
APLE,15.91,15.6,16.11,16.01,15.47,22,15.2,15.76,16.06,15.2
APLE,15.6,16.03,16.025,16.11,15.555,23,15.91,15.6,16.01,15.47
APLE,15.79,15.91,16.0,16.025,15.76,24,15.6,16.03,16.11,15.555
APLE,15.87,15.65,15.62,16.0,15.585,25,15.79,15.91,16.025,15.76
APLE,15.62,15.23,15.6,15.62,15.165,26,15.87,15.65,16.0,15.585
APLE,15.26,15.12,15.33,15.6,15.08,27,15.62,15.23,15.62,15.165
APLE,15.12,15.28,15.525,15.33,14.73,28,15.26,15.12,15.6,15.08
APLE,15.35,15.12,15.325,15.525,15.07,29,15.12,15.28,15.33,14.73
APLE,15.0,15.2,15.08,15.325,14.97,30,15.35,15.12,15.525,15.07
APLE,14.84,14.98,15.9275,15.08,14.57,31,15.0,15.2,15.325,14.97
APLE,15.17,15.92,16.205,15.9275,15.07,32,14.84,14.98,15.08,14.57
APLE,15.87,16.18,16.37,16.205,15.84,33,15.17,15.92,15.9275,15.07
APLE,16.22,16.21,16.33,16.37,16.15,34,15.87,16.18,16.205,15.84
APLE,15.99,16.33,16.39,16.33,15.98,35,16.22,16.21,16.37,16.15
APLE,16.25,16.14,16.23,16.39,16.12,36,15.99,16.33,16.33,15.98
APLE,16.08,16.21,16.41,16.23,15.91,37,16.25,16.14,16.39,16.12
APLE,16.23,16.16,16.21,16.41,16.15,38,16.08,16.21,16.23,15.91
APLE,16.19,16.15,16.57,16.21,16.07,39,16.23,16.16,16.41,16.15
APLE,16.26,16.41,16.835,16.57,16.21,40,16.19,16.15,16.21,16.07
APLE,16.56,16.64,16.85,16.835,16.426,41,16.26,16.41,16.57,16.21
APLE,16.695,16.22,16.6,16.85,16.21,42,16.56,16.64,16.835,16.426
APLE,16.4,16.48,17.05,16.6,16.32,43,16.695,16.22,16.85,16.21
APLE,16.49,16.81,16.87,17.05,16.475,44,16.4,16.48,16.6,16.32
APLE,16.83,16.52,16.835,16.87,16.385,45,16.49,16.81,17.05,16.475
APLE,16.58,16.75,16.86,16.835,16.4,46,16.83,16.52,16.87,16.385
APLE,16.8,16.6,16.88,16.86,16.6,47,16.58,16.75,16.835,16.4
APLE,16.69,16.72,16.79,16.88,16.635,48,16.8,16.6,16.86,16.6
APLE,16.71,16.79,16.845,16.79,16.455,49,16.69,16.72,16.88,16.635
APLE,16.65,16.69,16.77,16.845,16.62,50,16.71,16.79,16.79,16.455
APLE,16.7,16.38,16.66,16.77,16.38,51,16.65,16.69,16.845,16.62
APLE,16.46,16.03,16.11,16.66,16.01,52,16.7,16.38,16.77,16.38
APLE,16.0,15.92,16.03,16.11,15.73,53,16.46,16.03,16.66,16.01
APLE,15.57,15.98,16.01,16.03,15.18,54,16.0,15.92,16.11,15.73
APLE,15.76,15.88,16.32,16.01,15.4396,55,15.57,15.98,16.03,15.18
APLE,16.04,15.69,16.0,16.32,15.58,56,15.76,15.88,16.01,15.4396
APLE,15.755,15.35,15.55,16.0,15.19,57,16.04,15.69,16.32,15.58
APLE,15.25,15.55,16.16,15.55,14.955,58,15.755,15.35,16.0,15.19
APLE,15.32,16.13,16.405,16.16,15.31,59,15.25,15.55,15.55,14.955
APLE,16.11,16.21,16.245,16.405,16.0,60,15.32,16.13,16.16,15.31
APLE,16.17,16.15,16.17,16.245,15.9597,61,16.11,16.21,16.405,16.0
APLE,16.06,16.02,16.455,16.17,15.9,62,16.17,16.15,16.245,15.9597
APLE,15.93,16.34,16.87,16.455,15.81,63,16.06,16.02,16.17,15.9
APLE,16.34,16.78,17.1457,16.87,16.3,64,15.93,16.34,16.455,15.81
APLE,16.89,16.81,17.2,17.1457,16.75,65,16.34,16.78,16.87,16.3
APLE,17.04,17.1,17.29,17.2,16.905,66,16.89,16.81,17.1457,16.75
APLE,16.79,16.97,17.21,17.29,16.76,67,17.04,17.1,17.2,16.905
APLE,17.0,16.81,16.95,17.21,16.6699,68,16.79,16.97,17.29,16.76
APLE,16.88,16.64,17.41,16.95,16.465,69,17.0,16.81,17.21,16.6699
APLE,16.89,17.31,17.88,17.41,16.89,70,16.88,16.64,16.95,16.465
APLE,17.3,17.88,17.915,17.88,17.3,71,16.89,17.31,17.41,16.89
APLE,17.79,17.73,17.885,17.915,17.59,72,17.3,17.88,17.88,17.3
APLE,17.57,17.49,17.6,17.885,17.41,73,17.79,17.73,17.915,17.59
APLE,17.26,17.15,17.46,17.6,17.075,74,17.57,17.49,17.885,17.41
APLE,17.46,16.82,17.31,17.46,16.75,75,17.26,17.15,17.6,17.075
APLE,16.38,17.26,17.755,17.31,16.18,76,17.46,16.82,17.46,16.75
APLE,17.5,17.75,17.82,17.755,17.32,77,16.38,17.26,17.31,16.18
APLE,17.47,17.69,17.77,17.82,17.38,78,17.5,17.75,17.755,17.32
APLE,17.73,17.54,17.98,17.77,17.24,79,17.47,17.69,17.82,17.38
APLE,17.63,17.94,18.2,17.98,17.6,80,17.73,17.54,17.77,17.24
APLE,18.01,17.92,17.685,18.2,17.68,81,17.63,17.94,17.98,17.6
APLE,17.57,17.63,17.66,17.685,17.25,82,18.01,17.92,18.2,17.68
APLE,17.555,16.79,17.59,17.66,16.73,83,17.57,17.63,17.685,17.25
APLE,16.82,17.37,17.965,17.59,16.67,84,17.555,16.79,17.66,16.73
APLE,17.86,17.69,18.0,17.965,17.6,85,16.82,17.37,17.59,16.67
APLE,17.44,17.99,18.37,18.0,17.3,86,17.86,17.69,17.965,17.6
APLE,18.11,18.07,18.3,18.37,17.98,87,17.44,17.99,18.0,17.3
APLE,18.29,17.84,18.13,18.3,17.74,88,18.11,18.07,18.37,17.98
APLE,18.09,17.91,18.19,18.13,17.695,89,18.29,17.84,18.3,17.74
ABR,19.82,19.63,19.93,19.84,19.58,1,19.73,19.64,19.76,19.48
ABR,19.72,19.75,19.96,19.93,19.71,2,19.82,19.63,19.84,19.58
ABR,19.85,19.77,19.88,19.96,19.71,3,19.72,19.75,19.93,19.71
ABR,19.8,19.68,19.96,19.88,19.59,4,19.85,19.77,19.96,19.71
ABR,19.7,19.92,19.54,19.96,19.68,5,19.8,19.68,19.88,19.59
ABR,19.53,19.21,19.32,19.54,19.2,6,19.7,19.92,19.96,19.68
ABR,19.21,19.2,19.21,19.32,19.12,7,19.53,19.21,19.54,19.2
ABR,19.18,19.07,19.0456,19.21,19.035,8,19.21,19.2,19.32,19.12
ABR,19.0,18.74,18.88,19.0456,18.61,9,19.18,19.07,19.21,19.035
ABR,18.85,18.39,18.47,18.88,18.27,10,19.0,18.74,19.0456,18.61
ABR,18.37,18.4,18.58,18.47,18.27,11,18.85,18.39,18.88,18.27
ABR,18.45,18.1,18.435,18.58,18.08,12,18.37,18.4,18.47,18.27
ABR,18.06,18.39,18.58,18.435,18.06,13,18.45,18.1,18.58,18.08
ABR,18.29,18.5,18.16,18.58,18.2,14,18.06,18.39,18.435,18.06
ABR,18.09,18.11,18.37,18.16,17.81,15,18.29,18.5,18.58,18.2
ABR,18.33,18.06,18.16,18.37,17.85,16,18.09,18.11,18.16,17.81
ABR,18.0,17.55,18.15,18.16,17.55,17,18.33,18.06,18.37,17.85
ABR,17.91,17.35,17.79,18.15,17.32,18,18.0,17.55,18.16,17.55
ABR,17.35,17.67,17.82,17.79,17.21,19,17.91,17.35,18.15,17.32
ABR,17.78,17.42,17.987,17.82,17.395,20,17.35,17.67,17.79,17.21
ABR,17.66,17.88,18.34,17.987,17.475,21,17.78,17.42,17.82,17.395
ABR,18.06,18.26,18.47,18.34,17.98,22,17.66,17.88,17.987,17.475
ABR,18.26,18.36,18.315,18.47,18.17,23,18.06,18.26,18.34,17.98
ABR,18.35,18.1,18.45,18.315,18.08,24,18.26,18.36,18.47,18.17
ABR,18.3,18.16,18.14,18.45,18.08,25,18.35,18.1,18.315,18.08
ABR,18.11,17.89,18.0,18.14,17.82,26,18.3,18.16,18.45,18.08
ABR,17.83,17.49,17.71,18.0,17.46,27,18.11,17.89,18.14,17.82
ABR,17.62,17.61,17.88,17.71,17.31,28,17.83,17.49,18.0,17.46
ABR,17.745,17.4,17.35,17.88,17.37,29,17.62,17.61,17.71,17.31
ABR,17.36,17.07,16.84,17.35,16.87,30,17.745,17.4,17.88,17.37
ABR,16.82,16.7,17.51,16.84,16.19,31,17.36,17.07,17.35,16.87
ABR,16.93,17.42,18.025,17.51,16.85,32,16.82,16.7,16.84,16.19
ABR,17.51,17.96,18.24,18.025,17.45,33,16.93,17.42,17.51,16.85
ABR,18.0,18.12,18.26,18.24,17.97,34,17.51,17.96,18.025,17.45
ABR,18.16,18.25,18.515,18.26,17.97,35,18.0,18.12,18.24,17.97
ABR,18.26,18.33,18.52,18.515,18.2301,36,18.16,18.25,18.26,17.97
ABR,18.35,18.49,18.6684,18.52,18.25,37,18.26,18.33,18.515,18.2301
ABR,18.48,18.43,18.51,18.6684,18.4,38,18.35,18.49,18.52,18.25
ABR,18.43,18.32,18.7,18.51,18.25,39,18.48,18.43,18.6684,18.4
ABR,18.45,18.59,18.88,18.7,18.4,40,18.43,18.32,18.51,18.25
ABR,18.75,18.74,18.82,18.88,18.62,41,18.45,18.59,18.7,18.4
ABR,18.74,18.45,18.795,18.82,18.42,42,18.75,18.74,18.88,18.62
ABR,18.6,18.66,18.8799,18.795,18.5,43,18.74,18.45,18.82,18.42
ABR,18.74,18.74,18.76,18.8799,18.635,44,18.6,18.66,18.795,18.5
ABR,18.76,18.72,18.87,18.76,18.51,45,18.74,18.74,18.8799,18.635
ABR,18.75,18.76,18.8608,18.87,18.6199,46,18.76,18.72,18.76,18.51
ABR,18.84,18.7,18.85,18.8608,18.61,47,18.75,18.76,18.87,18.6199
ABR,18.775,18.68,18.52,18.85,18.62,48,18.84,18.7,18.8608,18.61
ABR,18.49,18.48,18.49,18.52,18.3017,49,18.775,18.68,18.85,18.62
ABR,18.38,18.25,18.31,18.49,18.22,50,18.49,18.48,18.52,18.3017
ABR,18.29,18.01,18.13,18.31,17.98,51,18.38,18.25,18.49,18.22
ABR,17.98,17.65,17.56,18.13,17.635,52,18.29,18.01,18.31,17.98
ABR,17.46,17.02,17.08,17.56,17.01,53,17.98,17.65,18.13,17.635
ABR,16.46,17.05,17.43,17.08,16.11,54,17.46,17.02,17.56,17.01
ABR,16.86,17.31,17.725,17.43,16.655,55,16.46,17.05,17.08,16.11
ABR,17.56,17.26,17.55,17.725,17.11,56,16.86,17.31,17.43,16.655
ABR,17.42,16.99,17.07,17.55,16.82,57,17.56,17.26,17.725,17.11
ABR,16.92,17.06,17.52,17.07,16.54,58,17.42,16.99,17.55,16.82
ABR,17.05,17.51,17.6,17.52,17.0,59,16.92,17.06,17.07,16.54
ABR,17.53,17.57,17.58,17.6,17.21,60,17.05,17.51,17.52,17.0
ABR,17.56,17.34,17.35,17.58,17.16,61,17.53,17.57,17.6,17.21
ABR,17.18,17.06,17.23,17.35,17.06,62,17.56,17.34,17.58,17.16
ABR,17.04,17.06,17.44,17.23,16.845,63,17.18,17.06,17.35,17.06
ABR,17.16,17.2,17.37,17.44,17.117,64,17.04,17.06,17.23,16.845
ABR,17.2,17.21,17.605,17.37,17.09,65,17.16,17.2,17.44,17.117
ABR,17.4,17.47,17.6297,17.605,17.4,66,17.2,17.21,17.37,17.09
ABR,17.27,17.11,17.35,17.6297,17.06,67,17.4,17.47,17.605,17.4
ABR,17.17,17.07,17.2,17.35,16.87,68,17.27,17.11,17.6297,17.06
ABR,17.05,16.75,17.07,17.2,16.685,69,17.17,17.07,17.35,16.87
ABR,16.99,17.03,17.12,17.07,16.905,70,17.05,16.75,17.2,16.685
ABR,16.99,17.04,17.0,17.12,16.91,71,16.99,17.03,17.07,16.905
ABR,16.98,16.73,17.47,17.0,16.72,72,16.99,17.04,17.12,16.91
ABR,17.075,17.33,17.58,17.47,17.0,73,16.98,16.73,17.0,16.72
ABR,17.33,17.41,17.67,17.58,17.15,74,17.075,17.33,17.47,17.0
ABR,17.49,17.33,17.7,17.67,17.2645,75,17.33,17.41,17.58,17.15
ABR,16.93,17.59,17.91,17.7,16.75,76,17.49,17.33,17.67,17.2645
ABR,17.69,17.88,18.08,17.91,17.57,77,16.93,17.59,17.7,16.75
ABR,17.78,18.0,18.04,18.08,17.6893,78,17.69,17.88,17.91,17.57
ABR,17.95,17.75,18.09,18.04,17.41,79,17.78,18.0,18.08,17.6893
ABR,17.84,18.06,17.9,18.09,17.77,80,17.95,17.75,18.04,17.41
ABR,17.8,17.61,17.73,17.9,17.34,81,17.84,18.06,18.09,17.77
ABR,17.47,17.69,17.77,17.73,17.41,82,17.8,17.61,17.9,17.34
ABR,17.78,17.34,17.75,17.77,17.34,83,17.47,17.69,17.73,17.41
ABR,17.34,17.52,17.91,17.75,17.3267,84,17.78,17.34,17.77,17.34
ABR,17.84,17.48,17.63,17.91,17.46,85,17.34,17.52,17.75,17.3267
ABR,17.39,17.63,17.8873,17.63,17.27,86,17.84,17.48,17.91,17.46
ABR,17.72,17.49,17.75,17.8873,17.48,87,17.39,17.63,17.63,17.27
ABR,17.7,17.27,17.49,17.75,17.245,88,17.72,17.49,17.8873,17.48
ABR,17.4,17.26,17.58,17.49,17.19,89,17.7,17.27,17.75,17.245
ARMK,38.74,39.26,39.49,39.57,38.63,1,38.16,37.95,38.57,37.71
ARMK,39.33,38.9,38.86,39.49,38.7,2,38.74,39.26,39.57,38.63
ARMK,38.77,38.57,39.015,38.86,38.05,3,39.33,38.9,39.49,38.7
ARMK,38.55,38.49,38.74,39.015,38.23,4,38.77,38.57,38.86,38.05
ARMK,38.27,38.25,38.52,38.74,38.195,5,38.55,38.49,39.015,38.23
ARMK,38.05,37.96,38.62,38.52,37.865,6,38.27,38.25,38.74,38.195
ARMK,38.38,37.97,38.41,38.62,37.67,7,38.05,37.96,38.52,37.865
ARMK,37.56,38.24,38.225,38.41,37.0,8,38.38,37.97,38.62,37.67
ARMK,38.19,38.08,38.41,38.225,37.38,9,37.56,38.24,38.41,37.0
ARMK,38.16,36.89,36.62,38.41,36.75,10,38.19,38.08,38.225,37.38
ARMK,36.25,36.49,36.77,36.62,35.49,11,38.16,36.89,38.41,36.75
ARMK,36.735,36.29,37.035,36.77,35.85,12,36.25,36.49,36.62,35.49
ARMK,36.57,36.4,36.27,37.035,36.39,13,36.735,36.29,36.77,35.85
ARMK,35.82,35.91,35.0,36.27,35.79,14,36.57,36.4,37.035,36.39
ARMK,34.49,34.99,35.53,35.0,33.73,15,35.82,35.91,36.27,35.79
ARMK,35.4,34.38,34.135,35.53,33.87,16,34.49,34.99,35.0,33.73
ARMK,34.08,33.4,34.43,34.135,33.27,17,35.4,34.38,35.53,33.87
ARMK,34.025,32.02,34.0,34.43,31.99,18,34.08,33.4,34.135,33.27
ARMK,32.14,33.77,34.1,34.0,32.01,19,34.025,32.02,34.43,31.99
ARMK,33.82,33.96,36.34,34.1,33.092,20,32.14,33.77,34.0,32.01
ARMK,34.88,35.47,36.36,36.34,34.43,21,33.82,33.96,34.1,33.092
ARMK,36.2,35.26,35.91,36.36,35.03,22,34.88,35.47,36.34,34.43
ARMK,35.65,35.87,36.39,35.91,35.33,23,36.2,35.26,36.36,35.03
ARMK,35.76,36.05,36.53,36.39,35.41,24,35.65,35.87,35.91,35.33
ARMK,36.42,35.81,35.5,36.53,35.47,25,35.76,36.05,36.39,35.41
ARMK,35.43,34.67,35.06,35.5,34.56,26,36.42,35.81,36.53,35.47
ARMK,34.49,34.22,34.66,35.06,34.14,27,35.43,34.67,35.5,34.56
ARMK,33.95,34.21,34.72,34.66,33.45,28,34.49,34.22,35.06,34.14
ARMK,34.53,33.34,34.26,34.72,33.23,29,33.95,34.21,34.66,33.45
ARMK,33.06,33.95,33.53,34.26,32.62,30,34.53,33.34,34.72,33.23
ARMK,33.5,33.38,35.31,33.53,32.7907,31,33.06,33.95,34.26,32.62
ARMK,34.38,35.13,35.825,35.31,33.84,32,33.5,33.38,33.53,32.7907
ARMK,35.15,35.44,36.13,35.825,34.9946,33,34.38,35.13,35.31,33.84
ARMK,35.68,36.05,36.36,36.13,35.52,34,35.15,35.44,35.825,34.9946
ARMK,35.89,36.34,36.705,36.36,35.63,35,35.68,36.05,36.13,35.52
ARMK,36.38,36.55,36.96,36.705,36.2,36,35.89,36.34,36.36,35.63
ARMK,36.58,36.72,37.25,36.96,36.44,37,36.38,36.55,36.705,36.2
ARMK,37.0,36.91,37.18,37.25,36.7,38,36.58,36.72,36.96,36.44
ARMK,37.0,36.85,37.81,37.18,36.65,39,37.0,36.91,37.25,36.7
ARMK,37.18,37.15,37.95,37.81,36.73,40,37.0,36.85,37.18,36.65
ARMK,37.9,37.64,38.11,37.95,37.55,41,37.18,37.15,37.81,36.73
ARMK,37.82,37.35,37.69,38.11,37.22,42,37.9,37.64,37.95,37.55
ARMK,37.54,36.73,36.8742,37.69,36.71,43,37.82,37.35,38.11,37.22
ARMK,36.43,36.43,36.42,36.8742,36.36,44,37.54,36.73,37.69,36.71
ARMK,36.1,36.35,36.87,36.42,35.41,45,36.43,36.43,36.8742,36.36
ARMK,36.51,36.77,37.24,36.87,36.18,46,36.1,36.35,36.42,35.41
ARMK,37.06,36.23,37.3,37.24,36.125,47,36.51,36.77,36.87,36.18
ARMK,36.43,36.69,36.755,37.3,36.285,48,37.06,36.23,37.24,36.125
ARMK,36.57,36.58,36.55,36.755,35.92,49,36.43,36.69,37.3,36.285
ARMK,36.25,35.32,35.595,36.55,35.2,50,36.57,36.58,36.755,35.92
ARMK,35.46,34.49,35.8,35.595,34.46,51,36.25,35.32,36.55,35.2
ARMK,34.72,34.65,34.86,35.8,34.51,52,35.46,34.49,35.595,34.46
ARMK,34.45,34.09,34.44,34.86,33.99,53,34.72,34.65,35.8,34.51
ARMK,33.15,34.38,34.43,34.44,32.84,54,34.45,34.09,34.86,33.99
ARMK,33.72,34.11,34.89,34.43,33.23,55,33.15,34.38,34.44,32.84
ARMK,34.56,33.71,34.44,34.89,33.4,56,33.72,34.11,34.43,33.23
ARMK,34.14,32.95,33.52,34.44,32.93,57,34.56,33.71,34.89,33.4
ARMK,32.83,33.5,34.39,33.52,32.17,58,34.14,32.95,34.44,32.93
ARMK,33.31,34.29,34.61,34.39,33.08,59,32.83,33.5,33.52,32.17
ARMK,33.96,34.56,34.96,34.61,33.755,60,33.31,34.29,34.39,33.08
ARMK,34.72,34.64,35.89,34.96,34.31,61,33.96,34.56,34.61,33.755
ARMK,34.37,35.07,36.07,35.89,34.21,62,34.72,34.64,34.96,34.31
ARMK,35.15,35.76,36.87,36.07,34.83,63,34.37,35.07,35.89,34.21
ARMK,35.86,36.58,37.87,36.87,35.74,64,35.15,35.76,36.07,34.83
ARMK,36.2,37.53,38.13,37.87,35.04,65,35.86,36.58,36.87,35.74
ARMK,37.95,37.78,38.39,38.13,37.24,66,36.2,37.53,37.87,35.04
ARMK,37.24,37.21,37.89,38.39,37.17,67,37.95,37.78,38.13,37.24
ARMK,37.28,36.08,36.88,37.89,35.86,68,37.24,37.21,38.39,37.17
ARMK,36.26,35.98,37.25,36.88,35.65,69,37.28,36.08,37.89,35.86
ARMK,36.5,37.17,38.4,37.25,36.3,70,36.26,35.98,36.88,35.65
ARMK,37.08,38.27,38.19,38.4,37.08,71,36.5,37.17,37.25,36.3
ARMK,37.89,37.6,38.16,38.19,37.39,72,37.08,38.27,38.4,37.08
ARMK,37.9,37.77,37.86,38.16,37.39,73,37.89,37.6,38.19,37.39
ARMK,37.32,37.17,37.59,37.86,36.94,74,37.9,37.77,38.16,37.39
ARMK,37.57,36.5,36.97,37.59,36.48,75,37.32,37.17,37.86,36.94
ARMK,35.26,36.68,37.6,36.97,35.09,76,37.57,36.5,37.59,36.48
ARMK,37.14,37.57,37.21,37.6,36.57,77,35.26,36.68,36.97,35.09
ARMK,37.0,36.96,36.59,37.21,36.39,78,37.14,37.57,37.6,36.57
ARMK,36.54,35.68,36.7,36.59,35.43,79,37.0,36.96,37.21,36.39
ARMK,36.06,36.63,37.03,36.7,36.02,80,36.54,35.68,36.59,35.43
ARMK,36.92,36.2,36.13,37.03,35.865,81,36.06,36.63,36.7,36.02
ARMK,35.74,35.98,35.79,36.13,35.15,82,36.92,36.2,37.03,35.865
ARMK,35.69,32.77,34.36,35.79,32.755,83,35.74,35.98,36.13,35.15
ARMK,33.04,33.32,35.11,34.36,32.68,84,35.69,32.77,35.79,32.755
ARMK,34.54,34.89,35.12,35.11,34.16,85,33.04,33.32,34.36,32.68
ARMK,34.14,35.0,36.095,35.12,34.12,86,34.54,34.89,35.11,34.16
ARMK,35.57,35.35,35.735,36.095,35.23,87,34.14,35.0,35.12,34.12
ARMK,35.52,35.02,36.17,35.735,34.77,88,35.57,35.35,36.095,35.23
ARMK,35.44,36.0,37.055,36.17,35.145,89,35.52,35.02,35.735,34.77
KTOS,21.9,22.37,22.59,22.55,21.77,1,22.05,21.44,22.19,21.21
KTOS,22.37,22.45,22.47,22.59,22.1668,2,21.9,22.37,22.55,21.77
KTOS,22.4,22.17,22.33,22.47,22.01,3,22.37,22.45,22.59,22.1668
KTOS,22.03,21.63,21.87,22.33,21.59,4,22.4,22.17,22.47,22.01
KTOS,21.64,21.68,21.98,21.87,21.48,5,22.03,21.63,22.33,21.59
KTOS,21.87,21.74,21.9699,21.98,21.72,6,21.64,21.68,21.87,21.48
KTOS,21.79,21.82,21.7501,21.9699,21.65,7,21.87,21.74,21.98,21.72
KTOS,21.7,21.46,21.57,21.7501,21.32,8,21.79,21.82,21.9699,21.65
KTOS,21.4,21.25,21.4,21.57,21.03,9,21.7,21.46,21.7501,21.32
KTOS,21.22,20.8,20.68,21.4,20.5,10,21.4,21.25,21.57,21.03
KTOS,20.57,20.22,20.5,20.68,20.0,11,21.22,20.8,21.4,20.5
KTOS,20.27,20.23,20.53,20.5,19.87,12,20.57,20.22,20.68,20.0
KTOS,20.17,20.36,20.86,20.53,19.9,13,20.27,20.23,20.5,19.87
KTOS,20.3,20.71,20.29,20.86,20.08,14,20.17,20.36,20.53,19.9
KTOS,19.83,20.09,20.49,20.29,19.34,15,20.3,20.71,20.86,20.08
KTOS,20.4,19.97,19.92,20.49,19.7,16,19.83,20.09,20.29,19.34
KTOS,19.79,19.71,20.645,19.92,19.4,17,20.4,19.97,20.49,19.7
KTOS,20.14,19.99,20.69,20.645,19.84,18,19.79,19.71,19.92,19.4
KTOS,20.01,20.69,20.89,20.69,20.06,19,20.14,19.99,20.645,19.84
KTOS,20.78,20.29,20.98,20.89,19.92,20,20.01,20.69,20.69,20.06
KTOS,20.34,20.73,21.06,20.98,20.12,21,20.78,20.29,20.89,19.92
KTOS,20.94,20.33,20.75,21.06,20.26,22,20.34,20.73,20.98,20.12
KTOS,20.4,20.4,20.3799,20.75,20.26,23,20.94,20.33,21.06,20.26
KTOS,20.26,19.93,20.02,20.3799,19.92,24,20.4,20.4,20.75,20.26
KTOS,19.99,19.44,19.72,20.02,19.3735,25,20.26,19.93,20.3799,19.92
KTOS,19.3,19.47,19.98,19.72,19.1989,26,19.99,19.44,20.02,19.3735
KTOS,19.32,19.44,19.56,19.98,19.28,27,19.3,19.47,19.72,19.1989
KTOS,19.39,19.55,19.86,19.56,18.83,28,19.32,19.44,19.98,19.28
KTOS,19.79,19.13,19.8,19.86,19.1,29,19.39,19.55,19.56,18.83
KTOS,19.17,19.65,19.42,19.8,18.9,30,19.79,19.13,19.86,19.1
KTOS,19.19,19.07,19.91,19.42,18.86,31,19.17,19.65,19.8,18.9
KTOS,19.2,19.71,19.73,19.91,19.125,32,19.19,19.07,19.42,18.86
KTOS,19.62,19.61,19.9561,19.73,19.49,33,19.2,19.71,19.91,19.125
KTOS,19.68,19.84,19.82,19.9561,19.62,34,19.62,19.61,19.73,19.49
KTOS,19.87,19.66,20.145,19.82,19.54,35,19.68,19.84,19.9561,19.62
KTOS,19.77,19.57,19.61,20.145,19.54,36,19.87,19.66,19.82,19.54
KTOS,19.55,19.28,19.67,19.61,19.215,37,19.77,19.57,20.145,19.54
KTOS,19.25,19.3,19.62,19.67,19.17,38,19.55,19.28,19.61,19.215
KTOS,19.41,19.4,19.867,19.62,19.31,39,19.25,19.3,19.67,19.17
KTOS,19.43,19.65,20.0,19.867,19.31,40,19.41,19.4,19.62,19.31
KTOS,19.76,19.98,20.0,20.0,19.57,41,19.43,19.65,19.867,19.31
KTOS,20.0,18.91,19.1,20.0,18.9,42,19.76,19.98,20.0,19.57
KTOS,18.96,18.62,18.93,19.1,18.41,43,20.0,18.91,20.0,18.9
KTOS,18.62,18.51,18.54,18.93,18.41,44,18.96,18.62,19.1,18.41
KTOS,18.45,18.21,18.505,18.54,17.92,45,18.62,18.51,18.93,18.41
KTOS,18.16,18.35,17.61,18.505,18.02,46,18.45,18.21,18.54,17.92
KTOS,17.55,16.93,17.87,17.61,16.78,47,18.16,18.35,18.505,18.02
KTOS,17.13,17.29,17.28,17.87,17.035,48,17.55,16.93,17.61,16.78
KTOS,17.21,16.87,16.85,17.28,16.552,49,17.13,17.29,17.87,17.035
KTOS,16.71,16.72,17.17,16.85,16.58,50,17.21,16.87,17.28,16.552
KTOS,16.7,16.87,17.58,17.17,16.64,51,16.71,16.72,16.85,16.58
KTOS,16.97,17.09,17.53,17.58,16.91,52,16.7,16.87,17.17,16.64
KTOS,17.02,16.97,17.03,17.53,16.95,53,16.97,17.09,17.58,16.91
KTOS,16.6,17.0,17.0599,17.03,16.305,54,17.02,16.97,17.53,16.95
KTOS,16.92,16.86,17.46,17.0599,16.58,55,16.6,17.0,17.03,16.305
KTOS,17.11,16.75,16.8701,17.46,16.66,56,16.92,16.86,17.0599,16.58
KTOS,16.76,16.19,16.33,16.8701,16.07,57,17.11,16.75,17.46,16.66
KTOS,16.17,16.33,16.77,16.33,15.71,58,16.76,16.19,16.8701,16.07
KTOS,16.33,16.76,17.06,16.77,16.29,59,16.17,16.33,16.33,15.71
KTOS,16.94,17.03,16.97,17.06,16.57,60,16.33,16.76,16.77,16.29
KTOS,16.8,16.8,16.78,16.97,16.58,61,16.94,17.03,17.06,16.57
KTOS,16.55,16.3,16.65,16.78,16.265,62,16.8,16.8,16.97,16.58
KTOS,16.33,16.48,16.89,16.65,16.089,63,16.55,16.3,16.78,16.265
KTOS,16.48,16.7,17.095,16.89,16.47,64,16.33,16.48,16.65,16.089
KTOS,16.73,17.05,17.39,17.095,16.62,65,16.48,16.7,16.89,16.47
KTOS,17.24,17.29,17.49,17.39,17.17,66,16.73,17.05,17.095,16.62
KTOS,16.96,16.85,17.3,17.49,16.81,67,17.24,17.29,17.39,17.17
KTOS,17.02,17.09,17.47,17.3,16.79,68,16.96,16.85,17.49,16.81
KTOS,17.15,16.98,17.33,17.47,16.87,69,17.02,17.09,17.3,16.79
KTOS,17.25,17.08,17.42,17.33,17.02,70,17.15,16.98,17.47,16.87
KTOS,17.05,17.28,17.25,17.42,16.93,71,17.25,17.08,17.33,17.02
KTOS,17.09,16.96,17.005,17.25,16.945,72,17.05,17.28,17.42,16.93
KTOS,16.86,16.46,16.72,17.005,16.46,73,17.09,16.96,17.25,16.945
KTOS,16.48,16.31,16.78,16.72,16.16,74,16.86,16.46,17.005,16.46
KTOS,16.65,15.04,18.325,16.78,15.01,75,16.48,16.31,16.72,16.16
KTOS,15.07,18.31,18.695,18.325,14.93,76,16.65,15.04,16.78,15.01
KTOS,18.31,18.68,21.06,18.695,17.8007,77,15.07,18.31,18.325,14.93
KTOS,19.46,20.92,21.95,21.06,19.23,78,18.31,18.68,18.695,17.8007
KTOS,21.11,20.01,20.1,21.95,19.99,79,19.46,20.92,21.06,19.23
KTOS,20.0,19.35,19.48,20.1,18.94,80,21.11,20.01,21.95,19.99
KTOS,19.35,18.95,20.27,19.48,18.69,81,20.0,19.35,20.1,18.94
KTOS,19.12,20.0,20.98,20.27,18.8601,82,19.35,18.95,19.48,18.69
KTOS,20.1,20.73,21.6,20.98,20.06,83,19.12,20.0,20.27,18.8601
KTOS,20.76,20.37,20.22,21.6,20.225,84,20.1,20.73,20.98,20.06
KTOS,20.14,19.39,19.95,20.22,19.17,85,20.76,20.37,21.6,20.225
KTOS,19.4,19.65,19.745,19.95,19.31,86,20.14,19.39,20.22,19.17
KTOS,19.59,18.72,18.62,19.745,18.695,87,19.4,19.65,19.95,19.31
KTOS,18.46,18.13,18.57,18.62,17.7634,88,19.59,18.72,19.745,18.695
KTOS,18.07,18.56,18.701,18.57,18.05,89,18.46,18.13,18.62,17.7634
OMF,53.8,53.25,54.05,54.0,53.23,1,53.65,52.72,53.93,52.37
OMF,53.78,53.5,53.65,54.05,53.03,2,53.8,53.25,54.0,53.23
OMF,53.21,53.5,54.63,53.65,52.705,3,53.78,53.5,54.05,53.03
OMF,53.95,53.96,54.62,54.63,53.43,4,53.21,53.5,53.65,52.705
OMF,54.22,54.35,54.5,54.62,53.97,5,53.95,53.96,54.63,53.43
OMF,54.06,53.7,53.892,54.5,53.365,6,54.22,54.35,54.62,53.97
OMF,53.92,52.76,52.8,53.892,52.62,7,54.06,53.7,54.5,53.365
OMF,52.64,51.23,51.47,52.8,51.21,8,53.92,52.76,53.892,52.62
OMF,51.26,51.02,51.14,51.47,50.615,9,52.64,51.23,52.8,51.21
OMF,50.94,50.43,50.25,51.14,49.58,10,51.26,51.02,51.47,50.615
OMF,50.04,49.36,50.16,50.25,48.94,11,50.94,50.43,51.14,49.58
OMF,49.98,49.75,51.27,50.16,49.18,12,50.04,49.36,50.25,48.94
OMF,50.09,51.06,51.86,51.27,49.77,13,49.98,49.75,50.16,49.18
OMF,50.92,51.11,50.315,51.86,50.62,14,50.09,51.06,51.27,49.77
OMF,49.22,50.06,50.8,50.315,48.95,15,50.92,51.11,51.86,50.62
OMF,50.59,50.58,50.655,50.8,49.585,16,49.22,50.06,50.315,48.95
OMF,50.22,49.79,51.57,50.655,49.12,17,50.59,50.58,50.8,49.585
OMF,50.86,50.86,52.33,51.57,50.26,18,50.22,49.79,50.655,49.12
OMF,50.63,51.7,51.92,52.33,50.22,19,50.86,50.86,51.57,50.26
OMF,51.71,50.8,52.7,51.92,50.2,20,50.63,51.7,52.33,50.22
OMF,51.26,51.31,53.05,52.7,51.0,21,51.71,50.8,51.92,50.2
OMF,51.8,51.53,51.8199,53.05,51.222,22,51.26,51.31,52.7,51.0
OMF,51.51,51.43,51.32,51.8199,51.09,23,51.8,51.53,53.05,51.222
OMF,51.0,50.63,51.08,51.32,50.6,24,51.51,51.43,51.8199,51.09
OMF,51.02,50.85,51.025,51.08,50.25,25,51.0,50.63,51.32,50.6
OMF,50.55,49.75,51.54,51.025,49.74,26,51.02,50.85,51.08,50.25
OMF,50.28,50.29,51.14,51.54,50.16,27,50.55,49.75,51.025,49.74
OMF,50.39,50.9,51.577,51.14,49.37,28,50.28,50.29,51.54,50.16
OMF,51.37,50.07,49.74,51.577,49.695,29,50.39,50.9,51.14,49.37
OMF,49.63,49.56,48.78,49.74,48.62,30,51.37,50.07,51.577,49.695
OMF,48.5,47.89,49.64,48.78,47.01,31,49.63,49.56,49.74,48.62
OMF,48.49,49.59,50.5,49.64,48.25,32,48.5,47.89,48.78,47.01
OMF,49.6,50.25,50.86,50.5,49.55,33,48.49,49.59,49.64,48.25
OMF,50.4,50.17,50.3522,50.86,50.05,34,49.6,50.25,50.5,49.55
OMF,50.17,50.2,50.83,50.3522,49.47,35,50.4,50.17,50.86,50.05
OMF,50.29,50.33,50.67,50.83,49.98,36,50.17,50.2,50.3522,49.47
OMF,50.33,50.27,51.0,50.67,50.0401,37,50.29,50.33,50.83,49.98
OMF,50.46,50.25,50.47,51.0,50.24,38,50.33,50.27,50.67,50.0401
OMF,49.99,50.04,51.3946,50.47,49.9078,39,50.46,50.25,51.0,50.24
OMF,50.58,50.52,52.5,51.3946,50.34,40,49.99,50.04,50.47,49.9078
OMF,51.2,52.27,52.79,52.5,50.895,41,50.58,50.52,51.3946,50.34
OMF,52.59,51.47,52.8,52.79,51.3,42,51.2,52.27,52.5,50.895
OMF,52.12,52.48,53.67,52.8,51.715,43,52.59,51.47,52.79,51.3
OMF,52.55,53.13,54.5929,53.67,52.48,44,52.12,52.48,52.8,51.715
OMF,53.71,53.99,54.79,54.5929,53.08,45,52.55,53.13,53.67,52.48
OMF,54.35,54.64,55.34,54.79,54.02,46,53.71,53.99,54.5929,53.08
OMF,54.99,54.49,55.5,55.34,54.2803,47,54.35,54.64,54.79,54.02
OMF,55.34,54.65,54.79,55.5,54.475,48,54.99,54.49,55.34,54.2803
OMF,53.38,54.74,55.14,54.79,53.23,49,55.34,54.65,55.5,54.475
OMF,54.99,53.78,54.11,55.14,53.3,50,53.38,54.74,54.79,53.23
OMF,53.86,51.58,53.02,54.11,51.53,51,54.99,53.78,55.14,53.3
OMF,51.51,51.6,51.5,53.02,50.98,52,53.86,51.58,54.11,51.53
OMF,50.91,50.92,50.94,51.5,50.47,53,51.51,51.6,53.02,50.98
OMF,50.03,50.86,53.16,50.94,48.93,54,50.91,50.92,51.5,50.47
OMF,50.36,52.41,53.135,53.16,50.195,55,50.03,50.86,50.94,48.93
OMF,53.0,51.93,52.755,53.135,51.45,56,50.36,52.41,53.16,50.195
OMF,52.5,50.34,50.99,52.755,49.82,57,53.0,51.93,53.135,51.45
OMF,50.05,50.63,51.77,50.99,49.67,58,52.5,50.34,52.755,49.82
OMF,50.56,51.66,52.28,51.77,50.02,59,50.05,50.63,50.99,49.67
OMF,51.43,52.15,52.21,52.28,51.03,60,50.56,51.66,51.77,50.02
OMF,52.0,52.02,53.03,52.21,50.63,61,51.43,52.15,52.28,51.03
OMF,51.65,51.65,53.27,53.03,50.52,62,52.0,52.02,52.21,50.63
OMF,51.45,52.72,54.05,53.27,51.16,63,51.65,51.65,53.03,50.52
OMF,53.09,53.59,54.61,54.05,52.89,64,51.45,52.72,53.27,51.16
OMF,54.09,54.49,55.22,54.61,53.4747,65,53.09,53.59,54.05,52.89
OMF,54.7,54.18,54.96,55.22,54.03,66,54.09,54.49,54.61,53.4747
OMF,54.27,53.56,53.8,54.96,53.27,67,54.7,54.18,55.22,54.03
OMF,52.55,52.25,52.84,53.8,51.73,68,54.27,53.56,54.96,53.27
OMF,52.6,52.05,53.56,52.84,51.69,69,52.55,52.25,53.8,51.73
OMF,53.0,53.4,54.01,53.56,52.58,70,52.6,52.05,52.84,51.69
OMF,53.39,53.47,53.3,54.01,52.99,71,53.0,53.4,53.56,52.58
OMF,53.26,52.0,52.62,53.3,51.635,72,53.39,53.47,54.01,52.99
OMF,52.24,52.53,52.985,52.62,51.814,73,53.26,52.0,53.3,51.635
OMF,52.62,51.29,51.9448,52.985,50.95,74,52.24,52.53,52.62,51.814
OMF,51.78,50.21,49.56,51.9448,50.06,75,52.62,51.29,52.985,50.95
OMF,48.33,49.25,51.51,49.56,47.74,76,51.78,50.21,51.9448,50.06
OMF,49.87,51.3,51.0195,51.51,49.64,77,48.33,49.25,49.56,47.74
OMF,50.28,50.98,50.7,51.0195,50.26,78,49.87,51.3,51.51,49.64
OMF,50.75,47.54,48.7512,50.7,47.45,79,50.28,50.98,51.0195,50.26
OMF,48.14,48.33,48.97,48.7512,47.6,80,50.75,47.54,50.7,47.45
OMF,48.58,47.26,46.67,48.97,46.59,81,48.14,48.33,48.7512,47.6
OMF,46.34,46.25,46.02,46.67,45.13,82,48.58,47.26,48.97,46.59
OMF,45.71,43.5,44.145,46.02,43.35,83,46.34,46.25,46.67,45.13
OMF,44.03,42.33,44.8,44.145,42.13,84,45.71,43.5,46.02,43.35
OMF,44.0,43.7,43.5,44.8,43.57,85,44.03,42.33,44.145,42.13
OMF,43.02,43.41,44.15,43.5,42.43,86,44.0,43.7,44.8,43.57
OMF,44.22,42.94,44.24,44.15,42.94,87,43.02,43.41,43.5,42.43
OMF,43.45,42.97,44.43,44.24,42.54,88,44.22,42.94,44.15,42.94
OMF,43.28,43.21,45.7393,44.43,42.79,89,43.45,42.97,44.24,42.54
IRWD,12.64,12.9,13.21,13.13,12.58,1,12.47,12.58,12.64,12.135
IRWD,12.9,13.2,13.23,13.21,12.88,2,12.64,12.9,13.13,12.58
IRWD,13.21,12.69,12.76,13.23,12.305,3,12.9,13.2,13.21,12.88
IRWD,12.76,12.37,12.415,12.76,12.36,4,13.21,12.69,13.23,12.305
IRWD,12.28,12.29,12.51,12.415,12.23,5,12.76,12.37,12.76,12.36
IRWD,12.32,12.47,12.54,12.51,12.15,6,12.28,12.29,12.415,12.23
IRWD,12.5,12.19,12.48,12.54,12.18,7,12.32,12.47,12.51,12.15
IRWD,12.19,12.3,12.28,12.48,12.13,8,12.5,12.19,12.54,12.18
IRWD,12.26,12.17,12.29,12.28,11.91,9,12.19,12.3,12.48,12.13
IRWD,12.26,11.88,11.94,12.29,11.795,10,12.26,12.17,12.28,11.91
IRWD,11.89,11.7,11.9,11.94,11.62,11,12.26,11.88,12.29,11.795
IRWD,11.72,11.68,11.76,11.9,11.58,12,11.89,11.7,11.94,11.62
IRWD,11.68,11.63,11.66,11.76,11.43,13,11.72,11.68,11.9,11.58
IRWD,11.54,11.58,11.53,11.66,11.48,14,11.68,11.63,11.76,11.43
IRWD,11.43,11.16,11.39,11.53,11.06,15,11.54,11.58,11.66,11.48
IRWD,11.24,10.86,11.13,11.39,10.8,16,11.43,11.16,11.53,11.06
IRWD,10.92,11.09,11.68,11.13,10.59,17,11.24,10.86,11.39,10.8
IRWD,11.28,10.94,11.24,11.68,10.935,18,10.92,11.09,11.13,10.59
IRWD,11.02,11.11,11.15,11.24,10.81,19,11.28,10.94,11.68,10.935
IRWD,11.11,10.98,11.39,11.15,10.88,20,11.02,11.11,11.24,10.81
IRWD,11.01,11.19,11.56,11.39,10.89,21,11.11,10.98,11.15,10.88
IRWD,11.27,11.44,11.58,11.56,11.26,22,11.01,11.19,11.39,10.89
IRWD,11.46,11.44,11.645,11.58,11.36,23,11.27,11.44,11.56,11.26
IRWD,11.44,11.27,11.39,11.645,11.25,24,11.46,11.44,11.58,11.36
IRWD,11.31,11.06,11.285,11.39,11.055,25,11.44,11.27,11.645,11.25
IRWD,11.01,11.15,11.15,11.285,11.01,26,11.31,11.06,11.39,11.055
IRWD,11.09,10.92,11.39,11.15,10.9,27,11.01,11.15,11.285,11.01
IRWD,10.97,11.35,11.47,11.39,10.95,28,11.09,10.92,11.15,10.9
IRWD,11.41,11.17,11.405,11.47,11.105,29,10.97,11.35,11.39,10.95
IRWD,11.13,11.25,11.46,11.405,11.04,30,11.41,11.17,11.47,11.105
IRWD,11.22,11.35,11.53,11.46,10.93,31,11.13,11.25,11.405,11.04
IRWD,11.39,11.43,11.67,11.53,11.3,32,11.22,11.35,11.46,10.93
IRWD,11.32,11.63,12.02,11.67,11.28,33,11.39,11.43,11.53,11.3
IRWD,11.71,11.87,11.93,12.02,11.61,34,11.32,11.63,11.67,11.28
IRWD,11.92,11.69,11.93,11.93,11.66,35,11.71,11.87,12.02,11.61
IRWD,11.71,11.82,11.95,11.93,11.67,36,11.92,11.69,11.93,11.66
IRWD,11.75,11.85,12.07,11.95,11.715,37,11.71,11.82,11.93,11.67
IRWD,11.96,11.7,11.945,12.07,11.67,38,11.75,11.85,11.95,11.715
IRWD,11.7,11.66,12.005,11.945,11.6,39,11.96,11.7,12.07,11.67
IRWD,11.72,11.95,12.11,12.005,11.65,40,11.7,11.66,11.945,11.6
IRWD,11.98,11.73,12.005,12.11,11.71,41,11.72,11.95,12.005,11.65
IRWD,11.8,11.49,11.77,12.005,11.48,42,11.98,11.73,12.11,11.71
IRWD,11.51,11.65,12.0,11.77,11.47,43,11.8,11.49,12.005,11.48
IRWD,11.71,11.8,11.94,12.0,11.6,44,11.51,11.65,11.77,11.47
IRWD,11.45,11.9,12.02,11.94,11.285,45,11.71,11.8,12.0,11.6
IRWD,11.85,11.58,11.73,12.02,11.515,46,11.45,11.9,11.94,11.285
IRWD,11.62,11.42,11.6,11.73,11.38,47,11.85,11.58,12.02,11.515
IRWD,11.53,11.36,11.74,11.6,11.31,48,11.62,11.42,11.73,11.38
IRWD,11.29,11.72,11.74,11.74,11.24,49,11.53,11.36,11.6,11.31
IRWD,11.65,10.94,11.46,11.74,10.94,50,11.29,11.72,11.74,11.24
IRWD,11.04,11.19,11.455,11.46,11.0,51,11.65,10.94,11.74,10.94
IRWD,11.28,10.92,11.26,11.455,10.89,52,11.04,11.19,11.46,11.0
IRWD,10.95,10.99,11.275,11.26,10.81,53,11.28,10.92,11.455,10.89
IRWD,10.96,11.2,11.24,11.275,10.835,54,10.95,10.99,11.26,10.81
IRWD,11.08,11.14,11.51,11.24,10.835,55,10.96,11.2,11.275,10.835
IRWD,11.2,10.85,11.11,11.51,10.79,56,11.08,11.14,11.24,10.835
IRWD,10.98,10.64,10.96,11.11,10.62,57,11.2,10.85,11.51,10.79
IRWD,10.64,10.95,11.2,10.96,10.59,58,10.98,10.64,11.11,10.62
IRWD,11.04,11.15,11.215,11.2,10.88,59,10.64,10.95,10.96,10.59
IRWD,11.15,11.12,11.185,11.215,10.99,60,11.04,11.15,11.2,10.88
IRWD,11.14,11.04,11.29,11.185,10.99,61,11.15,11.12,11.215,10.99
IRWD,10.99,11.26,11.48,11.29,10.94,62,11.14,11.04,11.185,10.99
IRWD,11.375,11.05,11.225,11.48,10.99,63,10.99,11.26,11.29,10.94
IRWD,11.11,11.12,11.205,11.225,11.0,64,11.375,11.05,11.48,10.99
IRWD,11.2,11.1,11.39,11.205,10.985,65,11.11,11.12,11.225,11.0
IRWD,11.19,11.29,11.37,11.39,11.1,66,11.2,11.1,11.205,10.985
IRWD,11.15,11.01,11.245,11.37,10.925,67,11.19,11.29,11.39,11.1
IRWD,11.045,10.86,10.94,11.245,10.855,68,11.15,11.01,11.37,10.925
IRWD,10.915,10.67,11.04,10.94,10.62,69,11.045,10.86,11.245,10.855
IRWD,10.81,10.9,11.06,11.04,10.79,70,10.915,10.67,10.94,10.62
IRWD,10.89,11.0,10.74,11.06,10.83,71,10.81,10.9,11.04,10.79
IRWD,10.51,10.61,11.16,10.74,10.13,72,10.89,11.0,11.06,10.83
IRWD,10.79,10.72,11.05,11.16,10.54,73,10.51,10.61,10.74,10.13
IRWD,10.72,10.87,10.92,11.05,10.61,74,10.79,10.72,11.16,10.54
IRWD,10.85,10.77,10.99,10.92,10.715,75,10.72,10.87,11.05,10.61
IRWD,10.56,10.97,11.095,10.99,10.5277,76,10.85,10.77,10.92,10.715
IRWD,11.02,11.04,10.955,11.095,10.86,77,10.56,10.97,10.99,10.5277
IRWD,10.94,10.76,10.87,10.955,10.545,78,11.02,11.04,11.095,10.86
IRWD,10.75,10.69,11.055,10.87,10.64,79,10.94,10.76,10.955,10.545
IRWD,10.67,10.91,11.17,11.055,10.65,80,10.75,10.69,10.87,10.64
IRWD,10.94,11.05,11.375,11.17,10.8224,81,10.67,10.91,11.055,10.65
IRWD,11.01,11.21,11.56,11.375,10.94,82,10.94,11.05,11.17,10.8224
IRWD,11.21,11.51,11.7,11.56,11.15,83,11.01,11.21,11.375,10.94
IRWD,11.5,11.37,11.54,11.7,11.31,84,11.21,11.51,11.56,11.15
IRWD,11.41,11.47,11.73,11.54,11.275,85,11.5,11.37,11.7,11.31
IRWD,11.4,11.72,11.995,11.73,11.37,86,11.41,11.47,11.54,11.275
IRWD,11.72,11.67,11.79,11.995,11.64,87,11.4,11.72,11.73,11.37
IRWD,11.76,11.64,11.94,11.79,11.52,88,11.72,11.67,11.995,11.64
IRWD,11.725,11.93,12.31,11.94,11.64,89,11.76,11.64,11.79,11.52
CORT,19.88,20.68,23.38,20.73,19.71,1,18.69,20.09,20.18,18.62
CORT,22.35,22.89,23.36,23.38,22.2,2,19.88,20.68,20.73,19.71
CORT,22.77,22.99,23.21,23.36,22.73,3,22.35,22.89,23.38,22.2
CORT,22.83,22.34,22.88,23.21,22.23,4,22.77,22.99,23.36,22.73
CORT,22.34,22.55,23.14,22.88,22.21,5,22.83,22.34,23.21,22.23
CORT,22.42,23.0,23.44,23.14,22.32,6,22.34,22.55,22.88,22.21
CORT,23.0,22.89,23.54,23.44,22.76,7,22.42,23.0,23.14,22.32
CORT,22.83,23.3,23.94,23.54,22.77,8,23.0,22.89,23.44,22.76
CORT,23.41,23.18,23.52,23.94,23.12,9,22.83,23.3,23.54,22.77
CORT,23.1,22.92,23.11,23.52,22.75,10,23.41,23.18,23.94,23.12
CORT,22.88,22.87,23.47,23.11,22.79,11,23.1,22.92,23.52,22.75
CORT,22.77,23.34,23.46,23.47,22.48,12,22.88,22.87,23.11,22.79
CORT,23.38,22.49,22.63,23.46,22.455,13,22.77,23.34,23.47,22.48
CORT,22.37,22.46,22.6,22.63,22.17,14,23.38,22.49,23.46,22.455
CORT,22.3,21.49,21.849,22.6,21.41,15,22.37,22.46,22.63,22.17
CORT,21.61,21.12,21.3,21.849,21.09,16,22.3,21.49,22.6,21.41
CORT,21.02,21.0,21.92,21.3,20.7775,17,21.61,21.12,21.849,21.09
CORT,21.425,21.16,21.66,21.92,21.07,18,21.02,21.0,21.3,20.7775
CORT,21.33,21.41,21.71,21.66,21.05,19,21.425,21.16,21.92,21.07
CORT,21.21,20.91,22.5,21.71,20.77,20,21.33,21.41,21.66,21.05
CORT,21.2,22.24,23.43,22.5,21.15,21,21.21,20.91,21.71,20.77
CORT,22.49,21.94,19.05,23.43,21.51,22,21.2,22.24,22.5,21.15
CORT,18.99,18.23,19.0,19.05,15.825,23,22.49,21.94,23.43,21.51
CORT,18.2,17.1,19.14,19.0,17.03,24,18.99,18.23,19.05,15.825
CORT,17.57,18.75,19.43,19.14,17.5,25,18.2,17.1,19.0,17.03
CORT,18.8,18.7,19.52,19.43,18.51,26,17.57,18.75,19.14,17.5
CORT,18.56,19.11,19.86,19.52,18.405,27,18.8,18.7,19.43,18.51
CORT,19.76,19.3,19.2,19.86,18.75,28,18.56,19.11,19.52,18.405
CORT,19.08,17.7,18.92,19.2,17.5,29,19.76,19.3,19.86,18.75
CORT,17.94,18.86,20.84,18.92,17.415,30,19.08,17.7,19.2,17.5
CORT,18.84,20.8,21.0,20.84,18.36,31,17.94,18.86,18.92,17.415
CORT,20.75,20.54,20.5,21.0,20.19,32,18.84,20.8,20.84,18.36
CORT,20.3,19.83,20.12,20.5,19.8,33,20.75,20.54,21.0,20.19
CORT,19.71,19.85,19.9,20.12,19.115,34,20.3,19.83,20.5,19.8
CORT,19.79,19.62,19.86,19.9,19.26,35,19.71,19.85,20.12,19.115
CORT,19.54,19.18,19.46,19.86,19.15,36,19.79,19.62,19.9,19.26
CORT,19.01,19.26,19.9,19.46,18.76,37,19.54,19.18,19.86,19.15
CORT,19.22,19.48,20.38,19.9,18.81,38,19.01,19.26,19.46,18.76
CORT,19.62,19.8,20.365,20.38,19.49,39,19.22,19.48,19.9,18.81
CORT,19.63,20.34,20.5,20.365,19.52,40,19.62,19.8,20.38,19.49
CORT,20.4,20.46,20.8899,20.5,19.758,41,19.63,20.34,20.365,19.52
CORT,20.5,19.72,20.04,20.8899,19.71,42,20.4,20.46,20.5,19.758
CORT,19.75,19.19,19.58,20.04,19.11,43,20.5,19.72,20.8899,19.71
CORT,19.18,18.95,19.23,19.58,18.85,44,19.75,19.19,20.04,19.11
CORT,18.68,19.19,19.455,19.23,18.5986,45,19.18,18.95,19.58,18.85
CORT,19.32,19.22,19.42,19.455,18.91,46,18.68,19.19,19.23,18.5986
CORT,19.1,18.84,18.8837,19.42,18.74,47,19.32,19.22,19.455,18.91
CORT,18.68,18.55,18.52,18.8837,18.47,48,19.1,18.84,19.42,18.74
CORT,18.4,18.45,18.33,18.52,18.03,49,18.68,18.55,18.8837,18.47
CORT,18.18,17.61,18.24,18.33,17.6,50,18.4,18.45,18.52,18.03
CORT,17.74,17.89,18.38,18.24,17.66,51,18.18,17.61,18.33,17.6
CORT,18.25,17.47,17.69,18.38,17.42,52,17.74,17.89,18.24,17.66
CORT,17.47,17.19,17.85,17.69,17.11,53,18.25,17.47,18.38,17.42
CORT,17.02,17.78,17.67,17.85,16.78,54,17.47,17.19,17.69,17.11
CORT,17.78,17.42,17.72,17.67,17.2,55,17.02,17.78,17.85,16.78
CORT,17.33,17.16,17.55,17.72,17.0,56,17.78,17.42,17.67,17.2
CORT,17.21,16.53,17.62,17.55,16.47,57,17.33,17.16,17.72,17.0
CORT,16.97,17.61,18.91,17.62,16.79,58,17.21,16.53,17.55,16.47
CORT,17.89,18.77,18.9,18.91,17.77,59,16.97,17.61,17.62,16.79
CORT,18.84,18.81,19.35,18.9,18.35,60,17.89,18.77,18.91,17.77
CORT,18.96,19.26,19.175,19.35,18.7,61,18.84,18.81,18.9,18.35
CORT,18.84,19.02,19.58,19.175,18.8,62,18.96,19.26,19.35,18.7
CORT,18.98,19.41,19.755,19.58,18.86,63,18.84,19.02,19.175,18.8
CORT,19.5,19.69,20.08,19.755,19.17,64,18.98,19.41,19.58,18.86
CORT,19.67,19.98,20.19,20.08,19.07,65,19.5,19.69,19.755,19.17
CORT,20.08,19.84,19.95,20.19,19.54,66,19.67,19.98,20.08,19.07
CORT,19.54,19.64,20.13,19.95,19.43,67,20.08,19.84,20.19,19.54
CORT,19.77,19.99,19.9,20.13,19.63,68,19.54,19.64,19.95,19.43
CORT,19.75,19.49,20.485,19.9,19.37,69,19.77,19.99,20.13,19.63
CORT,19.59,20.31,23.29,20.485,19.59,70,19.75,19.49,19.9,19.37
CORT,20.35,22.91,22.9934,23.29,20.28,71,19.59,20.31,20.485,19.59
CORT,22.66,22.34,22.91,22.9934,22.12,72,20.35,22.91,23.29,20.28
CORT,22.46,22.54,22.95,22.91,22.23,73,22.66,22.34,22.9934,22.12
CORT,22.19,22.52,22.91,22.95,22.24,74,22.46,22.54,22.91,22.23
CORT,22.6,22.47,22.705,22.91,22.405,75,22.19,22.52,22.95,22.24
CORT,22.06,22.66,23.18,22.705,21.861,76,22.6,22.47,22.91,22.405
CORT,22.72,22.65,22.79,23.18,22.23,77,22.06,22.66,22.705,21.861
CORT,22.6,22.29,23.45,22.79,22.215,78,22.72,22.65,23.18,22.23
CORT,22.38,23.14,24.32,23.45,22.27,79,22.6,22.29,22.79,22.215
CORT,23.32,24.16,24.21,24.32,23.06,80,22.38,23.14,23.45,22.27
CORT,23.96,24.15,24.335,24.21,23.56,81,23.32,24.16,24.32,23.06
CORT,23.95,23.67,24.4,24.335,23.39,82,23.96,24.15,24.21,23.56
CORT,23.64,24.08,24.9499,24.4,23.28,83,23.95,23.67,24.335,23.39
CORT,23.56,24.24,25.27,24.9499,23.95,84,23.64,24.08,24.4,23.28
CORT,24.09,25.21,25.175,25.27,24.31,85,23.56,24.24,24.9499,23.95
CORT,25.01,24.39,25.0,25.175,24.28,86,24.09,25.21,25.27,24.31
CORT,24.35,24.32,24.77,25.0,24.3,87,25.01,24.39,25.175,24.28
CORT,24.23,23.0,24.0,24.77,22.75,88,24.35,24.32,25.0,24.3
CORT,23.11,24.0,24.35,24.0,22.725,89,24.23,23.0,24.77,22.75
SNV,49.66,49.43,50.05,50.09,49.18,1,48.99,49.19,49.25,48.51
SNV,49.7,49.04,49.53,50.05,48.7,2,49.66,49.43,50.09,49.18
SNV,48.8,49.25,49.7173,49.53,48.48,3,49.7,49.04,50.05,48.7
SNV,49.39,49.38,50.0,49.7173,49.005,4,48.8,49.25,49.53,48.48
SNV,49.51,49.6,49.71,50.0,49.34,5,49.39,49.38,49.7173,49.005
SNV,49.62,49.5,49.72,49.71,49.08,6,49.51,49.6,50.0,49.34
SNV,49.64,49.36,49.71,49.72,49.11,7,49.62,49.5,49.71,49.08
SNV,49.36,49.35,49.32,49.71,48.92,8,49.64,49.36,49.72,49.11
SNV,49.05,48.96,49.3,49.32,48.39,9,49.36,49.35,49.71,48.92
SNV,49.09,49.28,48.77,49.3,48.525,10,49.05,48.96,49.32,48.39
SNV,48.41,48.44,50.05,48.77,47.75,11,49.09,49.28,49.3,48.525
SNV,49.27,49.44,50.29,50.05,48.94,12,48.41,48.44,48.77,47.75
SNV,49.72,50.24,50.31,50.29,49.5119,13,49.27,49.44,50.05,48.94
SNV,50.03,49.88,47.9705,50.31,49.7683,14,49.72,50.24,50.29,49.5119
SNV,47.37,46.93,48.15,47.9705,46.45,15,50.03,49.88,50.31,49.7683
SNV,47.57,47.13,46.5,48.15,46.765,16,47.37,46.93,47.9705,46.45
SNV,46.06,45.29,47.13,46.5,45.1,17,47.57,47.13,48.15,46.765
SNV,46.28,44.43,46.71,47.13,44.43,18,46.06,45.29,46.5,45.1
SNV,44.96,46.29,46.72,46.71,44.67,19,46.28,44.43,47.13,44.43
SNV,46.43,45.34,47.65,46.72,44.93,20,44.96,46.29,46.71,44.67
SNV,46.26,46.97,48.24,47.65,46.08,21,46.43,45.34,46.72,44.93
SNV,47.265,47.31,47.84,48.24,46.975,22,46.26,46.97,47.65,46.08
SNV,47.45,47.41,47.83,47.84,47.195,23,47.265,47.31,48.24,46.975
SNV,47.01,46.91,47.28,47.83,46.88,24,47.45,47.41,47.84,47.195
SNV,47.13,47.13,47.03,47.28,46.44,25,47.01,46.91,47.83,46.88
SNV,46.85,45.68,46.94,47.03,45.575,26,47.13,47.13,47.28,46.44
SNV,45.91,46.24,48.0,46.94,45.76,27,46.85,45.68,47.03,45.575
SNV,47.01,46.98,48.38,48.0,45.62,28,45.91,46.24,46.94,45.76
SNV,47.24,47.17,47.15,48.38,46.98,29,47.01,46.98,48.0,45.62
SNV,46.39,45.53,44.895,47.15,45.28,30,47.24,47.17,48.38,46.98
SNV,44.8,44.47,46.34,44.895,43.25,31,46.39,45.53,47.15,45.28
SNV,45.43,46.32,46.8,46.34,45.19,32,44.8,44.47,44.895,43.25
SNV,46.35,46.56,47.31,46.8,46.04,33,45.43,46.32,46.34,45.19
SNV,47.2,46.83,47.68,47.31,46.51,34,46.35,46.56,46.8,46.04
SNV,46.89,47.67,48.1,47.68,46.689,35,47.2,46.83,47.31,46.51
SNV,47.71,47.7,48.22,48.1,47.35,36,46.89,47.67,47.68,46.689
SNV,47.81,48.0,48.84,48.22,47.685,37,47.71,47.7,48.1,47.35
SNV,48.3,47.67,48.11,48.84,47.66,38,47.81,48.0,48.22,47.685
SNV,47.83,47.87,49.33,48.11,47.52,39,48.3,47.67,48.84,47.66
SNV,48.75,49.08,51.22,49.33,48.35,40,47.83,47.87,48.11,47.52
SNV,49.525,50.95,51.85,51.22,49.08,41,48.75,49.08,49.33,48.35
SNV,51.19,50.52,52.87,51.85,50.47,42,49.525,50.95,51.22,49.08
SNV,51.28,52.37,52.86,52.87,51.2142,43,51.19,50.52,51.85,50.47
SNV,52.35,52.59,53.35,52.86,51.86,44,51.28,52.37,52.87,51.2142
SNV,53.16,52.95,53.25,53.35,52.1902,45,52.35,52.59,52.86,51.86
SNV,53.25,52.9,53.14,53.25,52.26,46,53.16,52.95,53.35,52.1902
SNV,53.26,52.53,53.64,53.14,52.06,47,53.25,52.9,53.25,52.26
SNV,52.89,52.94,53.7,53.64,52.66,48,53.26,52.53,53.14,52.06
SNV,52.05,53.66,53.85,53.7,51.76,49,52.89,52.94,53.64,52.66
SNV,53.77,52.78,53.01,53.85,52.59,50,52.05,53.66,53.7,51.76
SNV,52.6,50.99,52.37,53.01,50.92,51,53.77,52.78,53.85,52.59
SNV,51.95,49.05,50.0,52.37,48.86,52,52.6,50.99,53.01,50.92
SNV,49.3,49.08,49.64,50.0,48.381,53,51.95,49.05,52.37,48.86
SNV,48.5,49.46,50.31,49.64,47.21,54,49.3,49.08,50.0,48.381
SNV,48.99,49.73,51.0,50.31,47.59,55,48.5,49.46,49.64,47.21
SNV,50.27,50.27,51.72,51.0,49.52,56,48.99,49.73,50.31,47.59
SNV,50.94,48.98,49.39,51.72,48.4,57,50.27,50.27,51.0,49.52
SNV,49.015,49.37,49.83,49.39,48.06,58,50.94,48.98,51.72,48.4
SNV,48.81,49.76,50.7,49.83,48.17,59,49.015,49.37,49.39,48.06
SNV,49.83,50.56,50.71,50.7,49.51,60,48.81,49.76,49.83,48.17
SNV,50.35,50.43,51.18,50.71,49.82,61,49.83,50.56,50.7,49.51
SNV,50.68,49.91,51.49,51.18,49.81,62,50.35,50.43,50.71,49.82
SNV,50.32,51.07,51.4184,51.49,50.04,63,50.68,49.91,51.18,49.81
SNV,51.05,51.11,53.23,51.4184,50.5444,64,50.32,51.07,51.49,50.04
SNV,52.28,53.08,53.28,53.23,51.815,65,51.05,51.11,51.4184,50.5444
SNV,53.25,52.67,54.05,53.28,52.15,66,52.28,53.08,53.23,51.815
SNV,52.71,52.89,53.695,54.05,52.605,67,53.25,52.67,53.28,52.15
SNV,52.23,52.67,53.47,53.695,52.185,68,52.71,52.89,54.05,52.605
SNV,53.19,52.03,53.57,53.47,51.54,69,52.23,52.67,53.695,52.185
SNV,52.71,53.41,54.39,53.57,52.58,70,53.19,52.03,53.47,51.54
SNV,53.4,53.99,53.76,54.39,53.08,71,52.71,53.41,53.57,52.58
SNV,53.31,52.43,53.07,53.76,52.21,72,53.4,53.99,54.39,53.08
SNV,52.05,51.88,52.34,53.07,51.721,73,53.31,52.43,53.76,52.21
SNV,51.72,51.7,52.6,52.34,51.28,74,52.05,51.88,53.07,51.721
SNV,52.44,50.97,49.58,52.6,50.79,75,51.72,51.7,52.34,51.28
SNV,48.93,49.34,52.33,49.58,47.5,76,52.44,50.97,52.6,50.79
SNV,50.03,52.11,52.75,52.33,50.0,77,48.93,49.34,49.58,47.5
SNV,50.48,52.65,52.22,52.75,50.27,78,50.03,52.11,52.33,50.0
SNV,51.91,49.53,52.21,52.22,48.93,79,50.48,52.65,52.75,50.27
SNV,50.42,51.77,52.04,52.21,50.11,80,51.91,49.53,52.22,48.93
SNV,51.76,51.25,49.69,52.04,50.86,81,50.42,51.77,52.21,50.11
SNV,49.38,48.25,48.24,49.69,47.605,82,51.76,51.25,52.04,50.86
SNV,47.71,44.84,47.3499,48.24,44.6,83,49.38,48.25,49.69,47.605
SNV,45.73,45.86,48.5,47.3499,44.67,84,47.71,44.84,48.24,44.6
SNV,47.76,47.91,48.0589,48.5,47.48,85,45.73,45.86,47.3499,44.67
SNV,47.68,47.47,48.62,48.0589,46.95,86,47.76,47.91,48.5,47.48
SNV,48.17,47.49,49.14,48.62,47.39,87,47.68,47.47,48.0589,46.95
SNV,48.56,48.02,48.69,49.14,47.64,88,48.17,47.49,48.62,47.39
SNV,48.2,48.35,50.43,48.69,47.18,89,48.56,48.02,49.14,47.64
ROIC,18.46,18.41,18.57,18.93,18.365,1,18.54,18.21,18.64,18.07
ROIC,18.5,18.09,18.25,18.57,17.92,2,18.46,18.41,18.93,18.365
ROIC,18.07,18.17,18.47,18.25,18.03,3,18.5,18.09,18.57,17.92
ROIC,18.29,18.34,18.35,18.47,18.1,4,18.07,18.17,18.25,18.03
ROIC,18.22,18.25,18.28,18.35,17.961,5,18.29,18.34,18.47,18.1
ROIC,18.24,18.2,18.63,18.28,18.03,6,18.22,18.25,18.35,17.961
ROIC,18.17,18.63,18.9709,18.63,18.2,7,18.24,18.2,18.28,18.03
ROIC,18.65,18.36,18.735,18.9709,18.195,8,18.17,18.63,18.63,18.2
ROIC,18.16,18.67,18.78,18.735,18.035,9,18.65,18.36,18.9709,18.195
ROIC,18.7,18.71,18.84,18.78,18.49,10,18.16,18.67,18.735,18.035
ROIC,18.54,18.65,18.92,18.84,18.44,11,18.7,18.71,18.78,18.49
ROIC,18.59,18.63,18.825,18.92,18.555,12,18.54,18.65,18.84,18.44
ROIC,18.6,18.62,18.795,18.825,18.49,13,18.59,18.63,18.92,18.555
ROIC,18.6,18.68,18.43,18.795,18.43,14,18.6,18.62,18.825,18.49
ROIC,17.96,17.95,18.31,18.43,17.65,15,18.6,18.68,18.795,18.43
ROIC,18.09,17.78,17.93,18.31,17.66,16,17.96,17.95,18.43,17.65
ROIC,17.65,17.56,18.12,17.93,17.49,17,18.09,17.78,18.31,17.66
ROIC,17.88,17.16,18.055,18.12,17.16,18,17.65,17.56,17.93,17.49
ROIC,17.33,17.9,18.1,18.055,17.27,19,17.88,17.16,18.12,17.16
ROIC,17.93,17.87,18.765,18.1,17.745,20,17.33,17.9,18.055,17.27
ROIC,18.27,18.66,18.89,18.765,18.135,21,17.93,17.87,18.1,17.745
ROIC,18.58,18.65,18.95,18.89,18.28,22,18.27,18.66,18.765,18.135
ROIC,18.67,18.86,18.745,18.95,18.59,23,18.58,18.65,18.89,18.28
ROIC,18.55,18.6,18.71,18.745,18.46,24,18.67,18.86,18.95,18.59
ROIC,18.69,18.68,18.715,18.71,18.395,25,18.55,18.6,18.745,18.46
ROIC,18.64,18.66,18.87,18.715,18.25,26,18.69,18.68,18.71,18.395
ROIC,18.65,18.58,19.0,18.87,18.5117,27,18.64,18.66,18.715,18.25
ROIC,18.66,18.99,19.0,19.0,18.45,28,18.65,18.58,18.87,18.5117
ROIC,18.9,18.69,18.93,19.0,18.625,29,18.66,18.99,19.0,18.45
ROIC,18.67,18.58,18.48,18.93,18.56,30,18.9,18.69,19.0,18.625
ROIC,18.32,18.45,19.03,18.48,18.08,31,18.67,18.58,18.93,18.56
ROIC,18.72,18.97,19.035,19.03,18.55,32,18.32,18.45,18.48,18.08
ROIC,18.96,18.93,19.05,19.035,18.84,33,18.72,18.97,19.03,18.55
ROIC,18.99,18.87,19.14,19.05,18.77,34,18.96,18.93,19.035,18.84
ROIC,18.73,19.13,19.24,19.14,18.74,35,18.99,18.87,19.05,18.77
ROIC,19.05,19.17,19.29,19.24,19.04,36,18.73,19.13,19.14,18.74
ROIC,19.17,19.26,19.735,19.29,19.03,37,19.05,19.17,19.24,19.04
ROIC,19.34,19.57,19.795,19.735,19.18,38,19.17,19.26,19.29,19.03
ROIC,19.6,19.6,19.925,19.795,19.58,39,19.34,19.57,19.735,19.18
ROIC,19.7,19.76,20.09,19.925,19.525,40,19.6,19.6,19.795,19.58
ROIC,19.86,19.86,20.08,20.09,19.8,41,19.7,19.76,19.925,19.525
ROIC,19.97,19.57,19.77,20.08,19.55,42,19.86,19.86,20.09,19.8
ROIC,19.7,19.57,19.69,19.77,19.4801,43,19.97,19.57,20.08,19.55
ROIC,19.48,19.55,19.65,19.69,19.455,44,19.7,19.57,19.77,19.4801
ROIC,19.47,19.49,19.55,19.65,19.37,45,19.48,19.55,19.69,19.455
ROIC,19.45,19.49,19.55,19.55,19.19,46,19.47,19.49,19.65,19.37
ROIC,19.38,19.38,19.77,19.55,19.345,47,19.45,19.49,19.55,19.19
ROIC,19.45,19.62,19.6,19.77,19.44,48,19.38,19.38,19.55,19.345
ROIC,19.47,19.47,19.415,19.6,19.19,49,19.45,19.62,19.77,19.44
ROIC,19.28,19.18,19.33,19.415,19.13,50,19.47,19.47,19.6,19.19
ROIC,19.1,18.78,18.915,19.33,18.755,51,19.28,19.18,19.415,19.13
ROIC,18.2,18.45,18.59,18.915,18.19,52,19.1,18.78,19.33,18.755
ROIC,18.35,18.21,18.14,18.59,18.17,53,18.2,18.45,18.915,18.19
ROIC,17.96,18.1,18.245,18.14,17.35,54,18.35,18.21,18.59,18.17
ROIC,17.95,18.1,18.655,18.245,17.595,55,17.96,18.1,18.14,17.35
ROIC,18.24,18.15,18.56,18.655,17.915,56,17.95,18.1,18.245,17.595
ROIC,18.27,18.08,18.5,18.56,17.94,57,18.24,18.15,18.655,17.915
ROIC,17.96,18.5,18.53,18.5,17.87,58,18.27,18.08,18.56,17.94
ROIC,18.32,18.53,18.62,18.53,18.14,59,17.96,18.5,18.5,17.87
ROIC,18.5,18.45,18.65,18.62,18.21,60,18.32,18.53,18.53,18.14
ROIC,18.52,18.56,18.65,18.65,17.8,61,18.5,18.45,18.62,18.21
ROIC,18.5,18.22,18.65,18.65,18.22,62,18.52,18.56,18.65,17.8
ROIC,18.12,18.15,18.34,18.65,17.8,63,18.5,18.22,18.65,18.22
ROIC,18.24,18.14,18.48,18.34,18.05,64,18.12,18.15,18.65,17.8
ROIC,18.25,18.22,18.58,18.48,18.13,65,18.24,18.14,18.34,18.05
ROIC,18.4,18.5,18.85,18.58,18.31,66,18.25,18.22,18.48,18.13
ROIC,18.31,18.44,18.74,18.85,18.23,67,18.4,18.5,18.58,18.31
ROIC,18.46,18.34,18.4498,18.74,18.17,68,18.31,18.44,18.85,18.23
ROIC,18.36,17.88,18.31,18.4498,17.72,69,18.46,18.34,18.74,18.17
ROIC,17.92,18.25,18.77,18.31,17.91,70,18.36,17.88,18.4498,17.72
ROIC,18.38,18.65,18.85,18.77,18.18,71,17.92,18.25,18.31,17.91
ROIC,18.81,18.32,18.28,18.85,18.16,72,18.38,18.65,18.77,18.18
ROIC,18.24,17.97,18.0,18.28,17.97,73,18.81,18.32,18.85,18.16
ROIC,17.79,17.76,18.18,18.0,17.61,74,18.24,17.97,18.28,17.97
ROIC,18.13,17.72,17.95,18.18,17.7,75,17.79,17.76,18.0,17.61
ROIC,17.32,17.87,18.36,17.95,17.25,76,18.13,17.72,18.18,17.7
ROIC,17.93,18.31,18.395,18.36,17.92,77,17.32,17.87,17.95,17.25
ROIC,18.07,18.16,18.215,18.395,17.98,78,17.93,18.31,18.36,17.92
ROIC,18.19,17.96,18.45,18.215,17.56,79,18.07,18.16,18.395,17.98
ROIC,18.23,18.29,18.61,18.45,17.96,80,18.19,17.96,18.215,17.56
ROIC,18.48,18.57,18.56,18.61,18.275,81,18.23,18.29,18.45,17.96
ROIC,18.31,18.44,18.35,18.56,18.02,82,18.48,18.57,18.61,18.275
ROIC,18.29,18.05,18.42,18.35,18.04,83,18.31,18.44,18.56,18.02
ROIC,18.04,18.1,18.68,18.42,17.97,84,18.29,18.05,18.35,18.04
ROIC,18.27,18.4,18.78,18.68,18.265,85,18.04,18.1,18.42,17.97
ROIC,18.2,18.75,19.04,18.78,18.13,86,18.27,18.4,18.68,18.265
ROIC,18.86,18.7,18.89,19.04,18.69,87,18.2,18.75,18.78,18.13
ROIC,18.64,18.47,18.78,18.89,18.385,88,18.86,18.7,19.04,18.69
ROIC,18.69,18.71,19.0,18.78,18.46,89,18.64,18.47,18.89,18.385
TOL,61.37,62.02,62.6135,62.31,60.9675,1,61.23,60.4,61.86,60.099
TOL,62.33,62.15,64.53,62.6135,61.52,2,61.37,62.02,62.31,60.9675
TOL,62.66,63.91,64.09,64.53,62.64,3,62.33,62.15,62.6135,61.52
TOL,63.1,62.25,63.32,64.09,61.86,4,62.66,63.91,64.53,62.64
TOL,62.6,63.14,64.18,63.32,62.2,5,63.1,62.25,64.09,61.86
TOL,63.2,63.99,64.35,64.18,63.01,6,62.6,63.14,63.32,62.2
TOL,64.11,63.71,65.32,64.35,63.65,7,63.2,63.99,64.18,63.01
TOL,63.77,64.58,65.24,65.32,63.435,8,64.11,63.71,64.35,63.65
TOL,64.58,65.05,65.74,65.24,63.97,9,63.77,64.58,65.32,63.435
TOL,65.06,65.7,67.33,65.74,64.58,10,64.58,65.05,65.24,63.97
TOL,65.49,65.99,66.67,67.33,65.3,11,65.06,65.7,65.74,64.58
TOL,66.67,65.31,66.3,66.67,64.86,12,65.49,65.99,67.33,65.3
TOL,65.09,66.08,66.12,66.3,64.37,13,66.67,65.31,66.67,64.86
TOL,65.84,65.35,65.15,66.12,65.23,14,65.09,66.08,66.3,64.37
TOL,64.2,64.47,65.1699,65.15,63.81,15,65.84,65.35,66.12,65.23
TOL,64.56,64.31,65.3,65.1699,63.7616,16,64.2,64.47,65.15,63.81
TOL,63.96,63.47,66.18,65.3,63.16,17,64.56,64.31,65.1699,63.7616
TOL,64.4,64.72,68.98,66.18,63.815,18,63.96,63.47,65.3,63.16
TOL,65.53,68.51,69.72,68.98,65.165,19,64.4,64.72,66.18,63.815
TOL,69.0,68.26,71.2,69.72,67.37,20,65.53,68.51,68.98,65.165
TOL,69.0,70.85,72.49,71.2,68.63,21,69.0,68.26,69.72,67.37
TOL,70.84,71.24,73.44,72.49,70.2,22,69.0,70.85,71.2,68.63
TOL,71.65,72.45,74.51,73.44,68.73,23,70.84,71.24,72.49,70.2
TOL,72.05,72.72,74.67,74.51,71.6219,24,71.65,72.45,73.44,68.73
TOL,73.43,74.61,75.61,74.67,72.33,25,72.05,72.72,74.51,71.6219
TOL,75.0,72.09,71.32,75.61,71.95,26,73.43,74.61,74.67,72.33
TOL,71.0,70.16,71.2,71.32,69.32,27,75.0,72.09,75.61,71.95
TOL,70.5,71.14,70.66,71.2,69.3289,28,71.0,70.16,71.32,69.32
TOL,70.63,69.41,69.4,70.66,68.75,29,70.5,71.14,71.2,69.3289
TOL,69.22,68.54,67.755,69.4,68.15,30,70.63,69.41,70.66,68.75
TOL,67.46,67.15,68.36,67.755,65.56,31,69.22,68.54,69.4,68.15
TOL,67.9,68.06,71.15,68.36,67.45,32,67.46,67.15,67.755,65.56
TOL,68.35,70.9,70.89,71.15,68.16,33,67.9,68.06,68.36,67.45
TOL,70.38,70.48,71.48,70.89,69.9,34,68.35,70.9,71.15,68.16
TOL,70.78,71.45,72.62,71.48,70.12,35,70.38,70.48,70.89,69.9
TOL,71.75,71.55,72.68,72.62,71.26,36,70.78,71.45,71.48,70.12
TOL,71.65,72.32,72.75,72.68,71.49,37,71.75,71.55,72.62,71.26
TOL,72.66,71.78,72.73,72.75,71.63,38,71.65,72.32,72.68,71.49
TOL,71.96,72.39,72.75,72.73,71.51,39,72.66,71.78,72.75,71.63
TOL,72.45,70.24,71.95,72.75,69.15,40,71.96,72.39,72.73,71.51
TOL,70.79,71.33,72.17,71.95,70.62,41,72.45,70.24,72.75,69.15
TOL,71.15,69.58,69.655,72.17,69.33,42,70.79,71.33,71.95,70.62
TOL,69.55,68.57,68.44,69.655,67.33,43,71.15,69.58,72.17,69.33
TOL,68.24,65.54,65.65,68.44,65.47,44,69.55,68.57,69.655,67.33
TOL,64.12,65.46,66.94,65.65,63.6103,45,68.24,65.54,68.44,65.47
TOL,65.71,66.93,67.8,66.94,64.78,46,64.12,65.46,65.65,63.6103
TOL,66.94,67.12,70.05,67.8,66.58,47,65.71,66.93,66.94,64.78
TOL,69.35,67.27,67.19,70.05,67.0,48,66.94,67.12,67.8,66.58
TOL,66.39,66.44,65.61,67.19,65.35,49,69.35,67.27,70.05,67.0
TOL,65.28,63.35,62.9,65.61,62.97,50,66.39,66.44,67.19,65.35
TOL,61.52,60.35,61.47,62.9,60.32,51,65.28,63.35,65.61,62.97
TOL,60.82,58.48,59.41,61.47,58.35,52,61.52,60.35,62.9,60.32
TOL,58.39,57.43,59.45,59.41,57.2404,53,60.82,58.48,61.47,58.35
TOL,56.32,59.29,59.5,59.45,55.91,54,58.39,57.43,59.41,57.2404
TOL,57.96,58.78,60.0885,59.5,56.96,55,56.32,59.29,59.45,55.91
TOL,59.62,56.17,56.47,60.0885,55.42,56,57.96,58.78,59.5,56.96
TOL,54.21,54.89,56.25,56.47,53.695,57,59.62,56.17,60.0885,55.42
TOL,55.35,56.24,59.17,56.25,53.69,58,54.21,54.89,56.47,53.695
TOL,55.97,58.97,59.41,59.17,55.835,59,55.35,56.24,56.25,53.69
TOL,59.16,59.17,60.41,59.41,57.43,60,55.97,58.97,59.17,55.835
TOL,60.07,60.21,59.5999,60.41,58.97,61,59.16,59.17,59.41,57.43
TOL,59.46,58.05,57.48,59.5999,57.96,62,60.07,60.21,60.41,58.97
TOL,57.54,54.53,55.79,57.48,54.46,63,59.46,58.05,59.5999,57.96
TOL,55.17,55.24,56.06,55.79,54.46,64,57.54,54.53,57.48,54.46
TOL,55.05,56.05,58.24,56.06,54.59,65,55.17,55.24,55.79,54.46
TOL,57.0,57.48,57.61,58.24,56.98,66,55.05,56.05,56.06,54.59
TOL,55.71,54.81,56.01,57.61,54.61,67,57.0,57.48,58.24,56.98
TOL,55.17,54.01,55.0886,56.01,53.7048,68,55.71,54.81,57.61,54.61
TOL,53.93,54.08,55.3,55.0886,53.57,69,55.17,54.01,56.01,53.7048
TOL,54.85,55.09,55.87,55.3,54.43,70,53.93,54.08,55.0886,53.57
TOL,54.77,55.63,55.98,55.87,54.335,71,54.85,55.09,55.3,54.43
TOL,55.08,53.87,54.37,55.98,53.73,72,54.77,55.63,55.87,54.335
TOL,54.22,54.03,54.39,54.37,52.94,73,55.08,53.87,55.98,53.73
TOL,53.17,52.27,52.2,54.39,51.78,74,54.22,54.03,54.37,52.94
TOL,51.77,48.93,51.46,52.2,48.71,75,53.17,52.27,54.39,51.78
TOL,47.58,51.17,53.76,51.46,47.17,76,51.77,48.93,52.2,48.71
TOL,51.26,53.62,54.52,53.76,51.0319,77,47.58,51.17,51.46,47.17
TOL,54.18,54.26,54.55,54.52,53.25,78,51.26,53.62,53.76,51.0319
TOL,54.15,53.68,55.29,54.55,53.31,79,54.18,54.26,54.52,53.25
TOL,54.11,54.88,55.35,55.29,53.76,80,54.15,53.68,54.55,53.31
TOL,55.31,53.7,53.62,55.35,53.11,81,54.11,54.88,55.29,53.76
TOL,53.3,53.13,53.18,53.62,52.21,82,55.31,53.7,55.35,53.11
TOL,53.06,49.05,50.87,53.18,48.79,83,53.3,53.13,53.62,52.21
TOL,49.04,49.05,52.6999,50.87,48.19,84,53.06,49.05,53.18,48.79
TOL,51.0,51.6,51.53,52.6999,50.4,85,49.04,49.05,50.87,48.19
TOL,50.76,51.44,52.03,51.53,50.09,86,51.0,51.6,52.6999,50.4
TOL,51.8,50.61,50.86,52.03,50.51,87,50.76,51.44,51.53,50.09
TOL,50.92,48.53,50.79,50.86,47.63,88,51.8,50.61,52.03,50.51
TOL,48.93,50.69,52.33,50.79,48.45,89,50.92,48.53,50.86,47.63
OKTA,257.38,254.89,261.37,258.61,250.77,1,255.23,255.7,257.52,250.89
OKTA,254.66,257.95,268.49,261.37,254.0,2,257.38,254.89,258.61,250.77
OKTA,259.5,268.28,269.91,268.49,258.0,3,254.66,257.95,261.37,254.0
OKTA,265.93,258.04,263.27,269.91,256.67,4,259.5,268.28,268.49,258.0
OKTA,260.96,255.53,262.97,263.27,255.26,5,265.93,258.04,269.91,256.67
OKTA,257.75,261.5,262.0,262.97,256.0,6,260.96,255.53,263.27,255.26
OKTA,261.51,260.0,268.18,262.0,257.11,7,257.75,261.5,262.97,256.0
OKTA,260.0,267.95,269.33,268.18,258.02,8,261.51,260.0,262.0,257.11
OKTA,266.41,266.42,272.27,269.33,263.06,9,260.0,267.95,268.18,258.02
OKTA,267.48,264.39,264.39,272.27,261.8,10,266.41,266.42,269.33,263.06
OKTA,264.35,240.68,240.0,264.39,239.91,11,267.48,264.39,272.27,261.8
OKTA,239.54,226.25,224.65,240.0,226.05,12,264.35,240.68,264.39,239.91
OKTA,223.8,215.64,220.53,224.65,214.57,13,239.54,226.25,240.0,226.05
OKTA,212.86,219.58,224.21,220.53,208.24,14,223.8,215.64,224.65,214.57
OKTA,220.605,222.69,225.73,224.21,217.01,15,212.86,219.58,220.53,208.24
OKTA,224.51,223.61,226.46,225.73,218.84,16,220.605,222.69,224.21,217.01
OKTA,225.75,215.23,219.5,226.46,213.52,17,224.51,223.61,225.73,218.84
OKTA,219.24,198.08,224.62,219.5,196.84,18,225.75,215.23,226.46,213.52
OKTA,215.75,221.18,225.0,224.62,213.19,19,219.24,198.08,219.5,196.84
OKTA,219.95,214.59,218.67,225.0,210.23,20,215.75,221.18,224.62,213.19
OKTA,212.5,217.88,232.76,218.67,203.9394,21,219.95,214.59,225.0,210.23
OKTA,225.0,230.44,244.18,232.76,224.99,22,212.5,217.88,218.67,203.9394
OKTA,230.22,240.07,242.9,244.18,227.53,23,225.0,230.44,232.76,224.99
OKTA,239.75,228.16,233.66,242.9,226.73,24,230.22,240.07,244.18,227.53
OKTA,229.04,223.66,227.9,233.66,222.48,25,239.75,228.16,242.9,226.73
OKTA,221.61,221.91,222.0,227.9,219.02,26,229.04,223.66,233.66,222.48
OKTA,218.32,217.36,224.89,222.0,212.39,27,221.61,221.91,227.9,219.02
OKTA,217.02,222.55,223.75,224.89,212.88,28,218.32,217.36,222.0,212.39
OKTA,223.79,211.8,218.86,223.75,206.81,29,217.02,222.55,224.89,212.88
OKTA,204.85,217.91,223.1,218.86,200.22,30,223.79,211.8,223.75,206.81
OKTA,214.48,218.91,229.095,223.1,210.93,31,204.85,217.91,218.86,200.22
OKTA,220.72,228.38,234.79,229.095,217.45,32,214.48,218.91,223.1,210.93
OKTA,228.02,228.34,229.38,234.79,225.87,33,220.72,228.38,229.095,217.45
OKTA,228.0,228.31,232.0,229.38,224.91,34,228.02,228.34,234.79,225.87
OKTA,228.23,229.41,230.095,232.0,227.6203,35,228.0,228.31,229.38,224.91
OKTA,228.99,224.47,224.36,230.095,223.14,36,228.23,229.41,232.0,227.6203
OKTA,223.53,224.18,229.67,224.36,218.9812,37,228.99,224.47,230.095,223.14
OKTA,224.55,225.05,227.61,229.67,224.4501,38,223.53,224.18,224.36,218.9812
OKTA,224.95,224.17,226.49,227.61,223.49,39,224.55,225.05,229.67,224.4501
OKTA,223.05,222.66,222.9,226.49,218.62,40,224.95,224.17,227.61,223.49
OKTA,221.75,215.01,212.545,222.9,207.07,41,223.05,222.66,226.49,218.62
OKTA,208.97,198.59,206.53,212.545,197.64,42,221.75,215.01,222.9,207.07
OKTA,197.31,202.22,207.03,206.53,192.75,43,208.97,198.59,212.545,197.64
OKTA,200.0,196.67,201.885,207.03,195.9501,44,197.31,202.22,206.53,192.75
OKTA,189.36,201.24,213.31,201.885,184.02,45,200.0,196.67,207.03,195.9501
OKTA,198.61,207.98,220.88,213.31,197.46,46,189.36,201.24,201.885,184.02
OKTA,211.0,213.93,214.38,220.88,211.04,47,198.61,207.98,213.31,197.46
OKTA,213.1,202.0,205.07,214.38,201.78,48,211.0,213.93,220.88,211.04
OKTA,198.92,204.41,204.35,205.07,196.0,49,213.1,202.0,214.38,201.78
OKTA,199.02,197.2,204.0,204.35,195.83,50,198.92,204.41,205.07,196.0
OKTA,197.6,197.42,210.41,204.0,195.6,51,199.02,197.2,204.35,195.83
OKTA,202.72,200.32,205.88,210.41,200.16,52,197.6,197.42,204.0,195.6
OKTA,198.71,188.26,191.67,205.88,176.385,53,202.72,200.32,210.41,200.16
OKTA,181.62,190.9,188.295,191.67,172.53,54,198.71,188.26,205.88,176.385
OKTA,184.71,177.66,190.98,188.295,174.52,55,181.62,190.9,191.67,172.53
OKTA,183.88,178.04,185.26,190.98,176.22,56,184.71,177.66,188.295,174.52
OKTA,183.47,175.6,184.625,185.26,175.11,57,183.88,178.04,190.98,176.22
OKTA,175.98,184.24,198.13,184.625,171.86,58,183.47,175.6,185.26,175.11
OKTA,186.13,197.89,201.63,198.13,185.77,59,175.98,184.24,184.625,171.86
OKTA,199.85,201.42,198.33,201.63,192.815,60,186.13,197.89,198.13,185.77
OKTA,196.19,191.24,188.47,198.33,187.11,61,199.85,201.42,201.63,192.815
OKTA,184.25,182.8,191.22,188.47,180.08,62,196.19,191.24,198.33,187.11
OKTA,182.8,188.86,195.39,191.22,181.33,63,184.25,182.8,188.47,180.08
OKTA,188.09,188.09,191.49,195.39,186.79,64,182.8,188.86,191.22,181.33
OKTA,184.33,190.45,196.35,191.49,182.5601,65,188.09,188.09,195.39,186.79
OKTA,194.84,195.46,203.79,196.35,190.0,66,184.33,190.45,191.49,182.5601
OKTA,191.4,196.28,201.47,203.79,190.0,67,194.84,195.46,196.35,190.0
OKTA,198.43,191.77,196.0,201.47,190.23,68,191.4,196.28,203.79,190.0
OKTA,191.73,189.41,196.95,196.0,187.67,69,198.43,191.77,201.47,190.23
OKTA,193.35,195.43,192.99,196.95,190.94,70,191.73,189.41,196.0,187.67
OKTA,191.5,188.55,185.66,192.99,186.01,71,193.35,195.43,196.95,190.94
OKTA,183.88,173.45,175.25,185.66,171.51,72,191.5,188.55,192.99,186.01
OKTA,173.9,164.67,173.59,175.25,163.45,73,183.88,173.45,185.66,171.51
OKTA,164.68,168.93,171.32,173.59,163.42,74,173.9,164.67,175.25,163.45
OKTA,170.3,159.51,174.0299,171.32,159.48,75,164.68,168.93,173.59,163.42
OKTA,154.26,173.56,177.615,174.0299,152.51,76,170.3,159.51,171.32,159.48
OKTA,172.78,177.37,186.11,177.615,168.6,77,154.26,173.56,174.0299,152.51
OKTA,177.5,182.84,188.895,186.11,177.37,78,172.78,177.37,177.615,168.6
OKTA,184.63,184.14,184.65,188.895,182.37,79,177.5,182.84,186.11,177.37
OKTA,184.4,182.7,177.95,184.65,177.0,80,184.63,184.14,188.895,182.37
OKTA,174.0,167.98,172.9799,177.95,161.12,81,184.4,182.7,184.65,177.0
OKTA,167.25,158.41,161.6,172.9799,157.06,82,174.0,167.98,177.95,161.12
OKTA,159.63,154.4,164.22,161.6,152.89,83,167.25,158.41,172.9799,157.06
OKTA,155.03,159.55,171.88,164.22,152.53,84,159.63,154.4,161.6,152.89
OKTA,164.26,170.3,168.5737,171.88,161.995,85,155.03,159.55,164.22,152.53
OKTA,165.4,165.72,167.2499,168.5737,162.7195,86,164.26,170.3,171.88,161.995
OKTA,166.66,154.06,156.24,167.2499,153.82,87,165.4,165.72,168.5737,162.7195
OKTA,152.52,146.1,149.35,156.24,144.28,88,166.66,154.06,167.2499,153.82
OKTA,146.26,148.93,157.72,149.35,143.3,89,152.52,146.1,156.24,144.28
AQUA,43.29,43.07,44.14,43.67,42.792,1,42.22,42.66,42.98,42.1
AQUA,43.38,44.13,45.23,44.14,43.03,2,43.29,43.07,43.67,42.792
AQUA,44.325,45.15,45.28,45.23,43.78,3,43.38,44.13,44.14,43.03
AQUA,44.69,45.15,45.42,45.28,44.39,4,44.325,45.15,45.23,43.78
AQUA,45.44,44.82,45.37,45.42,44.67,5,44.69,45.15,45.28,44.39
AQUA,44.82,45.37,45.543,45.37,44.46,6,45.44,44.82,45.42,44.67
AQUA,45.48,42.81,47.2,45.543,42.65,7,44.82,45.37,45.37,44.46
AQUA,42.6,46.64,47.98,47.2,42.07,8,45.48,42.81,45.543,42.65
AQUA,46.75,47.83,48.96,47.98,46.34,9,42.6,46.64,47.2,42.07
AQUA,48.27,48.64,48.97,48.96,47.701,10,46.75,47.83,47.98,46.34
AQUA,48.4,48.71,49.38,48.97,48.095,11,48.27,48.64,48.96,47.701
AQUA,49.14,47.03,47.12,49.38,47.02,12,48.4,48.71,48.97,48.095
AQUA,46.84,46.71,46.84,47.12,45.94,13,49.14,47.03,49.38,47.02
AQUA,46.31,46.5,46.45,46.84,46.12,14,46.84,46.71,47.12,45.94
AQUA,45.4,45.81,47.15,46.45,45.02,15,46.31,46.5,46.84,46.12
AQUA,46.43,47.03,47.92,47.15,45.68,16,45.4,45.81,46.45,45.02
AQUA,46.88,44.98,46.88,47.92,44.77,17,46.43,47.03,47.15,45.68
AQUA,46.01,43.73,46.59,46.88,43.69,18,46.88,44.98,47.92,44.77
AQUA,44.33,46.17,46.3788,46.59,43.965,19,46.01,43.73,46.88,43.69
AQUA,46.16,45.77,46.43,46.3788,44.33,20,44.33,46.17,46.59,43.965
AQUA,45.49,45.87,47.79,46.43,45.3,21,46.16,45.77,46.3788,44.33
AQUA,47.05,47.6,47.83,47.79,46.61,22,45.49,45.87,46.43,45.3
AQUA,47.29,47.58,47.76,47.83,47.06,23,47.05,47.6,47.79,46.61
AQUA,47.2,46.52,47.02,47.76,46.47,24,47.29,47.58,47.83,47.06
AQUA,46.14,46.26,46.72,47.02,45.89,25,47.2,46.52,47.76,46.47
AQUA,46.23,45.62,45.81,46.72,45.55,26,46.14,46.26,47.02,45.89
AQUA,44.88,45.42,46.35,45.81,44.67,27,46.23,45.62,46.72,45.55
AQUA,45.61,46.25,46.88,46.35,44.53,28,44.88,45.42,45.81,44.67
AQUA,46.72,44.86,45.56,46.88,44.29,29,45.61,46.25,46.35,44.53
AQUA,44.03,44.35,43.71,45.56,43.18,30,46.72,44.86,46.88,44.29
AQUA,43.25,43.2,45.08,43.71,42.36,31,44.03,44.35,45.56,43.18
AQUA,44.02,45.03,45.94,45.08,43.2,32,43.25,43.2,43.71,42.36
AQUA,45.42,45.78,46.29,45.94,44.83,33,44.02,45.03,45.08,43.2
AQUA,45.69,45.83,47.25,46.29,45.6,34,45.42,45.78,45.94,44.83
AQUA,46.08,47.24,47.39,47.25,45.86,35,45.69,45.83,46.29,45.6
AQUA,47.22,46.81,47.37,47.39,46.52,36,46.08,47.24,47.25,45.86
AQUA,46.65,47.08,47.68,47.37,46.56,37,47.22,46.81,47.39,46.52
AQUA,47.42,46.43,47.07,47.68,46.42,38,46.65,47.08,47.37,46.56
AQUA,46.31,46.75,48.49,47.07,46.2003,39,47.42,46.43,47.68,46.42
AQUA,46.48,47.86,48.3099,48.49,45.49,40,46.31,46.75,47.07,46.2003
AQUA,47.5,46.45,47.47,48.3099,46.13,41,46.48,47.86,48.49,45.49
AQUA,46.73,45.58,45.83,47.47,45.48,42,47.5,46.45,48.3099,46.13
AQUA,45.03,44.47,44.48,45.83,44.32,43,46.73,45.58,47.47,45.48
AQUA,44.01,42.35,42.24,44.48,42.33,44,45.03,44.47,45.83,44.32
AQUA,42.06,41.39,41.74,42.24,40.3,45,44.01,42.35,44.48,42.33
AQUA,41.41,41.67,42.58,41.74,40.17,46,42.06,41.39,42.24,40.3
AQUA,41.86,41.54,41.9599,42.58,41.4,47,41.41,41.67,41.74,40.17
AQUA,41.68,40.56,39.9311,41.9599,40.51,48,41.86,41.54,42.58,41.4
AQUA,39.63,38.62,38.88,39.9311,37.97,49,41.68,40.56,41.9599,40.51
AQUA,37.6,38.31,38.54,38.88,37.35,50,39.63,38.62,39.9311,37.97
AQUA,38.37,37.65,40.22,38.54,37.21,51,37.6,38.31,38.88,37.35
AQUA,39.38,39.18,39.8,40.22,37.9892,52,38.37,37.65,38.54,37.21
AQUA,38.87,39.12,39.82,39.8,38.52,53,39.38,39.18,40.22,37.9892
AQUA,38.69,39.65,38.84,39.82,37.56,54,38.87,39.12,39.8,38.52
AQUA,38.4,37.68,39.65,38.84,37.63,55,38.69,39.65,39.82,37.56
AQUA,38.47,37.9,38.54,39.65,37.46,56,38.4,37.68,38.84,37.63
AQUA,38.19,37.26,38.98,38.54,36.97,57,38.47,37.9,39.65,37.46
AQUA,37.225,38.96,40.52,38.98,36.7,58,38.19,37.26,38.54,36.97
AQUA,38.87,40.5,44.23,40.52,38.73,59,37.225,38.96,38.98,36.7
AQUA,43.0,41.34,42.4,44.23,40.33,60,38.87,40.5,40.52,38.73
AQUA,41.81,42.07,41.86,42.4,41.03,61,43.0,41.34,44.23,40.33
AQUA,41.12,41.45,42.1,41.86,40.825,62,41.81,42.07,42.4,41.03
AQUA,41.17,41.81,42.85,42.1,40.91,63,41.12,41.45,41.86,40.825
AQUA,42.12,42.55,43.4,42.85,41.46,64,41.17,41.81,42.1,40.91
AQUA,42.49,43.23,44.61,43.4,42.27,65,42.12,42.55,42.85,41.46
AQUA,43.77,44.52,45.17,44.61,43.68,66,42.49,43.23,43.4,42.27
AQUA,43.58,44.03,44.47,45.17,43.33,67,43.77,44.52,44.61,43.68
AQUA,44.4,43.49,44.225,44.47,43.11,68,43.58,44.03,45.17,43.33
AQUA,43.54,43.47,44.53,44.225,43.11,69,44.4,43.49,44.47,43.11
AQUA,44.41,43.98,44.61,44.53,43.66,70,43.54,43.47,44.225,43.11
AQUA,43.51,44.37,44.32,44.61,43.33,71,44.41,43.98,44.53,43.66
AQUA,43.85,43.29,43.71,44.32,43.2,72,43.51,44.37,44.61,43.33
AQUA,43.16,43.06,42.88,43.71,42.74,73,43.85,43.29,44.32,43.2
AQUA,42.31,40.44,41.55,42.88,40.38,74,43.16,43.06,43.71,42.74
AQUA,40.89,41.28,42.665,41.55,40.28,75,42.31,40.44,42.88,40.38
AQUA,39.93,42.58,43.52,42.665,39.5781,76,40.89,41.28,41.55,40.28
AQUA,42.74,43.39,43.64,43.52,42.01,77,39.93,42.58,42.665,39.5781
AQUA,42.97,42.66,42.91,43.64,42.0,78,42.74,43.39,43.52,42.01
AQUA,42.73,42.29,43.76,42.91,41.53,79,42.97,42.66,43.64,42.0
AQUA,42.68,43.62,44.73,43.76,42.335,80,42.73,42.29,42.91,41.53
AQUA,44.65,43.52,43.5,44.73,43.18,81,42.68,43.62,43.76,42.335
AQUA,43.41,42.67,42.68,43.5,42.0,82,44.65,43.52,44.73,43.18
AQUA,42.43,41.95,43.01,42.68,41.28,83,43.41,42.67,43.5,42.0
AQUA,42.14,42.0,44.815,43.01,41.74,84,42.43,41.95,42.68,41.28
AQUA,42.99,43.69,42.9,44.815,42.83,85,42.14,42.0,43.01,41.74
AQUA,42.72,42.23,43.03,42.9,41.345,86,42.99,43.69,44.815,42.83
AQUA,42.57,42.01,42.69,43.03,42.01,87,42.72,42.23,42.9,41.345
AQUA,42.03,41.44,43.61,42.69,41.14,88,42.57,42.01,43.03,42.01
AQUA,42.36,43.34,45.5,43.61,41.73,89,42.03,41.44,42.69,41.14
TPX,45.67,45.08,45.46,45.81,44.795,1,45.0,45.03,46.31,44.81
TPX,45.43,44.83,45.245,45.46,44.63,2,45.67,45.08,45.81,44.795
TPX,45.0,44.48,44.71,45.245,44.3,3,45.43,44.83,45.46,44.63
TPX,44.27,43.82,44.35,44.71,43.69,4,45.0,44.48,45.245,44.3
TPX,44.01,43.65,45.44,44.35,43.43,5,44.27,43.82,44.71,43.69
TPX,43.65,44.83,45.41,45.44,43.53,6,44.01,43.65,44.35,43.43
TPX,45.12,45.19,46.46,45.41,44.43,7,43.65,44.83,45.44,43.53
TPX,45.04,45.97,46.23,46.46,44.98,8,45.12,45.19,45.41,44.43
TPX,46.13,44.29,44.82,46.23,44.18,9,45.04,45.97,46.46,44.98
TPX,44.67,44.21,44.45,44.82,43.95,10,46.13,44.29,46.23,44.18
TPX,44.05,43.98,44.77,44.45,43.75,11,44.67,44.21,44.82,43.95
TPX,44.15,44.07,44.22,44.77,43.53,12,44.05,43.98,44.45,43.75
TPX,43.88,43.91,44.18,44.22,43.01,13,44.15,44.07,44.77,43.53
TPX,43.39,43.87,42.88,44.18,43.15,14,43.88,43.91,44.22,43.01
TPX,42.625,42.23,43.06,42.88,41.76,15,43.39,43.87,44.18,43.15
TPX,42.74,42.52,43.2,43.06,42.11,16,42.625,42.23,42.88,41.76
TPX,42.07,42.84,45.01,43.2,41.58,17,42.74,42.52,43.06,42.11
TPX,43.44,43.28,44.98,45.01,43.25,18,42.07,42.84,43.2,41.58
TPX,43.27,44.84,45.3,44.98,43.25,19,43.44,43.28,45.01,43.25
TPX,45.22,43.67,45.72,45.3,43.3879,20,43.27,44.84,44.98,43.25
TPX,43.78,45.32,46.7,45.72,43.38,21,45.22,43.67,45.3,43.3879
TPX,46.12,45.37,46.01,46.7,45.24,22,43.78,45.32,45.72,43.38
TPX,45.64,45.76,45.95,46.01,45.21,23,46.12,45.37,46.7,45.24
TPX,45.5,44.78,45.35,45.95,44.77,24,45.64,45.76,46.01,45.21
TPX,44.97,44.83,46.18,45.35,44.43,25,45.5,44.78,45.95,44.77
TPX,45.26,45.73,46.35,46.18,44.28,26,44.97,44.83,45.35,44.43
TPX,45.3,45.9,47.28,46.35,45.15,27,45.26,45.73,46.18,44.28
TPX,45.93,47.19,47.53,47.28,45.26,28,45.3,45.9,46.35,45.15
TPX,47.48,46.38,46.14,47.53,46.12,29,45.93,47.19,47.28,45.26
TPX,45.98,45.66,45.14,46.14,45.1273,30,47.48,46.38,47.53,46.12
TPX,45.1,44.86,45.68,45.14,43.78,31,45.98,45.66,46.14,45.1273
TPX,45.43,45.65,46.89,45.68,44.74,32,45.1,44.86,45.14,43.78
TPX,45.67,46.5,47.12,46.89,45.62,33,45.43,45.65,45.68,44.74
TPX,46.77,46.3,47.02,47.12,46.27,34,45.67,46.5,46.89,45.62
TPX,46.5,47.02,47.79,47.02,46.02,35,46.77,46.3,47.12,46.27
TPX,47.24,47.19,48.11,47.79,46.985,36,46.5,47.02,47.02,46.02
TPX,47.29,47.77,48.05,48.11,47.16,37,47.24,47.19,47.79,46.985
TPX,47.77,46.99,47.27,48.05,46.98,38,47.29,47.77,48.11,47.16
TPX,47.01,47.03,48.13,47.27,46.68,39,47.77,46.99,48.05,46.98
TPX,47.29,47.37,48.47,48.13,47.07,40,47.01,47.03,47.27,46.68
TPX,47.75,48.21,48.97,48.47,47.61,41,47.29,47.37,48.13,47.07
TPX,48.69,46.83,47.4,48.97,46.59,42,47.75,48.21,48.47,47.61
TPX,46.74,47.07,47.185,47.4,46.1017,43,48.69,46.83,48.97,46.59
TPX,47.08,44.84,44.33,47.185,44.82,44,46.74,47.07,47.4,46.1017
TPX,44.08,44.27,44.705,44.33,42.73,45,47.08,44.84,47.185,44.82
TPX,44.01,44.65,45.0,44.705,43.38,46,44.08,44.27,44.33,42.73
TPX,44.67,44.41,44.75,45.0,44.03,47,44.01,44.65,44.705,43.38
TPX,44.58,43.75,43.22,44.75,43.6,48,44.67,44.41,45.0,44.03
TPX,42.88,42.09,41.69,43.22,41.44,49,44.58,43.75,44.75,43.6
TPX,41.55,40.82,41.34,41.69,40.6,50,42.88,42.09,43.22,41.44
TPX,40.8,40.39,41.347,41.34,40.37,51,41.55,40.82,41.69,40.6
TPX,40.32,39.39,40.0051,41.347,39.32,52,40.8,40.39,41.34,40.37
TPX,39.01,38.71,40.05,40.0051,38.49,53,40.32,39.39,41.347,39.32
TPX,37.7,39.94,40.23,40.05,36.42,54,39.01,38.71,40.0051,38.49
TPX,39.01,39.82,40.85,40.23,38.5373,55,37.7,39.94,40.05,36.42
TPX,40.13,38.71,39.24,40.85,38.52,56,39.01,39.82,40.23,38.5373
TPX,38.93,37.0,38.54,39.24,36.97,57,40.13,38.71,40.85,38.52
TPX,37.31,38.52,39.85,38.54,36.735,58,38.93,37.0,39.24,36.97
TPX,38.57,39.81,40.27,39.85,38.465,59,37.31,38.52,38.54,36.735
TPX,39.85,40.15,40.57,40.27,39.16,60,38.57,39.81,39.85,38.465
TPX,40.26,40.17,40.16,40.57,39.6,61,39.85,40.15,40.27,39.16
TPX,39.67,39.4,40.005,40.16,39.38,62,40.26,40.17,40.57,39.6
TPX,39.32,39.58,40.19,40.005,38.64,63,39.67,39.4,40.16,39.38
TPX,39.7,39.69,40.62,40.19,39.32,64,39.32,39.58,40.005,38.64
TPX,39.73,40.41,41.9,40.62,39.55,65,39.7,39.69,40.19,39.32
TPX,40.99,41.77,42.27,41.9,40.85,66,39.73,40.41,40.62,39.55
TPX,40.77,40.69,41.2,42.27,40.47,67,40.99,41.77,41.9,40.85
TPX,40.8,40.17,40.74,41.2,39.81,68,40.77,40.69,42.27,40.47
TPX,39.96,39.87,40.74,40.74,39.64,69,40.8,40.17,41.2,39.81
TPX,40.51,39.99,39.82,40.74,39.71,70,39.96,39.87,40.74,39.64
TPX,39.65,39.25,39.125,39.82,38.955,71,40.51,39.99,40.74,39.71
TPX,38.94,37.29,37.88,39.125,37.27,72,39.65,39.25,39.82,38.955
TPX,37.25,37.41,33.39,37.88,36.835,73,38.94,37.29,39.125,37.27
TPX,32.42,30.14,32.33,33.39,29.15,74,37.25,37.41,37.88,36.835
TPX,30.28,31.78,32.9,32.33,29.88,75,32.42,30.14,33.39,29.15
TPX,30.51,32.79,33.81,32.9,30.34,76,30.28,31.78,32.33,29.88
TPX,32.72,33.79,33.63,33.81,32.36,77,30.51,32.79,32.9,30.34
TPX,33.29,33.01,33.07,33.63,32.54,78,32.72,33.79,33.81,32.36
TPX,32.91,31.87,33.7,33.07,31.71,79,33.29,33.01,33.63,32.54
TPX,32.12,33.4,33.695,33.7,31.96,80,32.91,31.87,33.07,31.71
TPX,33.47,33.09,33.1786,33.695,32.77,81,32.12,33.4,33.7,31.96
TPX,32.96,32.41,32.2,33.1786,31.94,82,33.47,33.09,33.695,32.77
TPX,32.05,29.07,31.115,32.2,29.05,83,32.96,32.41,33.1786,31.94
TPX,29.32,30.13,31.81,31.115,29.29,84,32.05,29.07,32.2,29.05
TPX,31.0,31.15,32.05,31.81,30.8,85,29.32,30.13,31.115,29.29
TPX,30.7,31.82,32.395,32.05,30.63,86,31.0,31.15,31.81,30.8
TPX,32.23,31.21,31.264,32.395,31.19,87,30.7,31.82,32.05,30.63
TPX,31.29,30.31,31.59,31.264,30.0,88,32.23,31.21,32.395,31.19
TPX,30.67,31.48,32.935,31.59,30.48,89,31.29,30.31,31.264,30.0
PLTK,22.61,23.53,24.27,23.77,22.2,1,23.35,22.58,23.45,21.215
PLTK,23.58,23.28,23.695,24.27,23.02,2,22.61,23.53,23.77,22.2
PLTK,23.17,23.38,23.62,23.695,22.87,3,23.58,23.28,24.27,23.02
PLTK,23.21,23.0,23.23,23.62,22.95,4,23.17,23.38,23.695,22.87
PLTK,23.03,22.84,22.97,23.23,22.55,5,23.21,23.0,23.62,22.95
PLTK,22.9,22.76,22.83,22.97,22.5,6,23.03,22.84,23.23,22.55
PLTK,22.59,21.77,22.26,22.83,21.75,7,22.9,22.76,22.97,22.5
PLTK,21.86,21.48,22.17,22.26,21.421,8,22.59,21.77,22.83,21.75
PLTK,21.49,20.85,21.61,22.17,20.82,9,21.86,21.48,22.26,21.421
PLTK,21.57,20.46,20.56,21.61,19.77,10,21.49,20.85,22.17,20.82
PLTK,20.49,19.73,20.19,20.56,19.72,11,21.57,20.46,21.61,19.77
PLTK,19.95,18.46,19.15,20.19,18.21,12,20.49,19.73,20.56,19.72
PLTK,18.58,18.18,18.47,19.15,18.0,13,19.95,18.46,20.19,18.21
PLTK,18.19,18.39,18.5,18.47,17.73,14,18.58,18.18,19.15,18.0
PLTK,18.25,18.18,18.55,18.5,18.02,15,18.19,18.39,18.47,17.73
PLTK,18.15,17.98,18.0,18.55,17.75,16,18.25,18.18,18.5,18.02
PLTK,17.88,17.2,17.48,18.0,16.92,17,18.15,17.98,18.55,17.75
PLTK,17.445,16.44,17.08,17.48,16.43,18,17.88,17.2,18.0,16.92
PLTK,16.49,16.9,17.21,17.08,16.25,19,17.445,16.44,17.48,16.43
PLTK,16.8,17.15,17.85,17.21,16.25,20,16.49,16.9,17.08,16.25
PLTK,17.15,17.7,18.875,17.85,16.6401,21,16.8,17.15,17.21,16.25
PLTK,18.3,18.24,19.17,18.875,18.05,22,17.15,17.7,17.85,16.6401
PLTK,18.3,18.78,19.17,19.17,18.05,23,18.3,18.24,18.875,18.05
PLTK,18.84,18.38,18.84,19.17,18.31,24,18.3,18.78,19.17,18.05
PLTK,18.54,18.17,18.44,18.84,17.94,25,18.84,18.38,19.17,18.31
PLTK,18.04,17.52,17.55,18.44,17.4,26,18.54,18.17,18.84,17.94
PLTK,17.28,17.16,17.545,17.55,16.8,27,18.04,17.52,18.44,17.4
PLTK,17.44,17.35,17.54,17.545,16.85,28,17.28,17.16,17.55,16.8
PLTK,17.51,16.98,17.83,17.54,16.95,29,17.44,17.35,17.545,16.85
PLTK,17.3,17.76,17.7,17.83,16.83,30,17.51,16.98,17.54,16.95
PLTK,17.25,17.62,18.21,17.7,17.01,31,17.3,17.76,17.83,16.83
PLTK,17.74,18.01,18.19,18.21,17.57,32,17.25,17.62,17.7,17.01
PLTK,17.94,17.98,18.05,18.19,17.815,33,17.74,18.01,18.21,17.57
PLTK,17.95,17.97,18.09,18.05,17.54,34,17.94,17.98,18.19,17.815
PLTK,17.75,17.81,18.27,18.09,17.68,35,17.95,17.97,18.05,17.54
PLTK,17.81,17.64,17.64,18.27,17.42,36,17.75,17.81,18.09,17.68
PLTK,17.41,16.94,17.88,17.64,16.89,37,17.81,17.64,18.27,17.42
PLTK,16.85,17.61,17.87,17.88,16.8474,38,17.41,16.94,17.64,16.89
PLTK,17.58,17.29,18.13,17.87,17.25,39,16.85,17.61,17.88,16.8474
PLTK,17.44,18.09,18.3,18.13,17.28,40,17.58,17.29,17.87,17.25
PLTK,18.29,17.4,17.61,18.3,17.08,41,17.44,18.09,18.13,17.28
PLTK,17.26,16.69,17.11,17.61,16.68,42,18.29,17.4,18.3,17.08
PLTK,17.0,16.63,17.48,17.11,16.58,43,17.26,16.69,17.61,16.68
PLTK,16.65,16.84,18.74,17.48,16.5,44,17.0,16.63,17.11,16.58
PLTK,18.5,17.87,19.1,18.74,17.63,45,16.65,16.84,17.48,16.5
PLTK,17.59,19.04,19.24,19.1,17.5,46,18.5,17.87,18.74,17.63
PLTK,19.2,18.87,18.99,19.24,18.6,47,17.59,19.04,19.1,17.5
PLTK,18.9,18.35,19.02,18.99,18.26,48,19.2,18.87,19.24,18.6
PLTK,18.51,18.96,20.19,19.02,18.35,49,18.9,18.35,18.99,18.26
PLTK,19.66,18.92,19.79,20.19,18.75,50,18.51,18.96,19.02,18.35
PLTK,19.09,19.23,19.84,19.79,18.78,51,19.66,18.92,20.19,18.75
PLTK,19.37,19.26,19.127,19.84,19.23,52,19.09,19.23,19.79,18.78
PLTK,18.97,18.13,17.18,19.127,18.07,53,19.37,19.26,19.84,19.23
PLTK,16.91,16.07,16.15,17.18,14.85,54,18.97,18.13,19.127,18.07
PLTK,15.86,15.54,16.375,16.15,15.395,55,16.91,16.07,17.18,14.85
PLTK,15.97,15.37,16.07,16.375,15.31,56,15.86,15.54,16.15,15.395
PLTK,15.61,15.13,15.94,16.07,15.02,57,15.97,15.37,16.375,15.31
PLTK,15.12,15.86,17.06,15.94,14.81,58,15.61,15.13,16.07,15.02
PLTK,15.81,17.03,17.37,17.06,15.6,59,15.12,15.86,15.94,14.81
PLTK,16.91,17.32,17.52,17.37,16.68,60,15.81,17.03,17.06,15.6
PLTK,17.16,16.99,16.773,17.52,16.61,61,16.91,17.32,17.37,16.68
PLTK,16.4,15.54,16.41,16.773,15.03,62,17.16,16.99,17.52,16.61
PLTK,15.55,16.38,16.5799,16.41,15.47,63,16.4,15.54,16.773,15.03
PLTK,16.38,15.65,16.85,16.5799,15.6,64,15.55,16.38,16.41,15.47
PLTK,15.62,16.83,17.78,16.85,15.52,65,16.38,15.65,16.5799,15.6
PLTK,17.23,17.7,18.87,17.78,17.0,66,15.62,16.83,16.85,15.52
PLTK,17.29,17.79,18.1338,18.87,17.23,67,17.23,17.7,17.78,17.0
PLTK,17.79,17.82,18.975,18.1338,17.48,68,17.29,17.79,18.87,17.23
PLTK,17.81,18.62,19.17,18.975,17.7,69,17.79,17.82,18.1338,17.48
PLTK,18.86,19.08,19.25,19.17,18.35,70,17.81,18.62,18.975,17.7
PLTK,18.97,19.06,19.2,19.25,18.53,71,18.86,19.08,19.17,18.35
PLTK,18.92,18.42,18.71,19.2,18.35,72,18.97,19.06,19.25,18.53
PLTK,18.39,18.05,18.16,18.71,17.95,73,18.92,18.42,19.2,18.35
PLTK,17.95,17.56,18.01,18.16,17.43,74,18.39,18.05,18.71,17.95
PLTK,17.84,17.19,18.078,18.01,17.15,75,17.95,17.56,18.16,17.43
PLTK,16.29,18.01,21.3,18.078,16.15,76,17.84,17.19,18.01,17.15
PLTK,20.0,21.28,21.45,21.3,19.42,77,16.29,18.01,18.078,16.15
PLTK,20.84,20.6,20.7286,21.45,20.4,78,20.0,21.28,21.3,19.42
PLTK,20.44,19.54,20.0,20.7286,19.4,79,20.84,20.6,21.45,20.4
PLTK,19.53,19.64,19.94,20.0,18.79,80,20.44,19.54,20.7286,19.4
PLTK,19.79,18.55,18.425,19.94,18.4,81,19.53,19.64,20.0,18.79
PLTK,18.17,17.7,17.94,18.425,17.635,82,19.79,18.55,19.94,18.4
PLTK,17.7,16.48,16.59,17.94,16.45,83,18.17,17.7,18.425,17.635
PLTK,16.51,15.94,17.26,16.59,15.76,84,17.7,16.48,17.94,16.45
PLTK,16.63,16.89,17.29,17.26,16.16,85,16.51,15.94,16.59,15.76
PLTK,16.54,16.61,17.1,17.29,16.28,86,16.63,16.89,17.26,16.16
PLTK,16.91,16.37,16.75,17.1,16.05,87,16.54,16.61,17.29,16.28
PLTK,16.2,15.9,16.59,16.75,15.88,88,16.91,16.37,17.1,16.05
PLTK,15.87,16.32,17.99,16.59,15.67,89,16.2,15.9,16.75,15.88
CIG,2.33,2.36,2.375,2.375,2.32,1,2.31,2.29,2.33,2.25
CIG,2.345,2.33,2.46,2.375,2.33,2,2.33,2.36,2.375,2.32
CIG,2.39,2.4,2.515,2.46,2.385,3,2.345,2.33,2.375,2.33
CIG,2.515,2.43,2.54,2.515,2.43,4,2.39,2.4,2.46,2.385
CIG,2.49,2.54,2.525,2.54,2.48,5,2.515,2.43,2.515,2.43
CIG,2.495,2.5,2.575,2.525,2.46,6,2.49,2.54,2.54,2.48
CIG,2.51,2.53,2.489,2.575,2.49,7,2.495,2.5,2.525,2.46
CIG,2.465,2.45,2.43,2.489,2.44,8,2.51,2.53,2.575,2.49
CIG,2.415,2.39,2.415,2.43,2.3558,9,2.465,2.45,2.489,2.44
CIG,2.4,2.36,2.44,2.415,2.35,10,2.415,2.39,2.43,2.3558
CIG,2.43,2.4,2.43,2.44,2.39,11,2.4,2.36,2.415,2.35
CIG,2.39,2.37,2.42,2.43,2.36,12,2.43,2.4,2.44,2.39
CIG,2.34,2.41,2.405,2.42,2.3,13,2.39,2.37,2.43,2.36
CIG,2.38,2.37,2.365,2.405,2.35,14,2.34,2.41,2.42,2.3
CIG,2.345,2.35,2.39,2.365,2.325,15,2.38,2.37,2.405,2.35
CIG,2.36,2.37,2.38,2.39,2.33,16,2.345,2.35,2.365,2.325
CIG,2.36,2.3,2.3599,2.38,2.275,17,2.36,2.37,2.39,2.33
CIG,2.31,2.23,2.3899,2.3599,2.23,18,2.36,2.3,2.38,2.275
CIG,2.355,2.35,2.44,2.3899,2.325,19,2.31,2.23,2.3599,2.23
CIG,2.395,2.42,2.4299,2.44,2.37,20,2.355,2.35,2.3899,2.325
CIG,2.41,2.38,2.45,2.4299,2.37,21,2.395,2.42,2.44,2.37
CIG,2.37,2.44,2.53,2.45,2.3676,22,2.41,2.38,2.4299,2.37
CIG,2.48,2.5,2.49,2.53,2.47,23,2.37,2.44,2.45,2.3676
CIG,2.475,2.45,2.505,2.49,2.4232,24,2.48,2.5,2.53,2.47
CIG,2.47,2.47,2.5,2.505,2.455,25,2.475,2.45,2.49,2.4232
CIG,2.47,2.45,2.515,2.5,2.435,26,2.47,2.47,2.505,2.455
CIG,2.49,2.44,2.48,2.515,2.44,27,2.47,2.45,2.5,2.435
CIG,2.415,2.46,2.49,2.48,2.405,28,2.49,2.44,2.515,2.44
CIG,2.42,2.44,2.5,2.49,2.41,29,2.415,2.46,2.48,2.405
CIG,2.43,2.5,2.46,2.5,2.425,30,2.42,2.44,2.49,2.41
CIG,2.44,2.38,2.43,2.46,2.38,31,2.43,2.5,2.5,2.425
CIG,2.38,2.41,2.35,2.43,2.37,32,2.44,2.38,2.46,2.38
CIG,2.29,2.33,2.355,2.35,2.28,33,2.38,2.41,2.43,2.37
CIG,2.3,2.35,2.385,2.355,2.3,34,2.29,2.33,2.35,2.28
CIG,2.35,2.37,2.42,2.385,2.325,35,2.3,2.35,2.355,2.3
CIG,2.365,2.4,2.41,2.42,2.36,36,2.35,2.37,2.385,2.325
CIG,2.395,2.35,2.425,2.41,2.34,37,2.365,2.4,2.42,2.36
CIG,2.37,2.39,2.44,2.425,2.36,38,2.395,2.35,2.41,2.34
CIG,2.415,2.43,2.37,2.44,2.3901,39,2.37,2.39,2.425,2.36
CIG,2.36,2.33,2.35,2.37,2.2901,40,2.415,2.43,2.44,2.3901
CIG,2.29,2.3,2.32,2.35,2.28,41,2.36,2.33,2.37,2.2901
CIG,2.32,2.22,2.24,2.32,2.21,42,2.29,2.3,2.35,2.28
CIG,2.24,2.16,2.245,2.24,2.16,43,2.32,2.22,2.32,2.21
CIG,2.2,2.2,2.19,2.245,2.165,44,2.24,2.16,2.24,2.16
CIG,2.18,2.17,2.3,2.19,2.15,45,2.2,2.2,2.245,2.165
CIG,2.19,2.29,2.35,2.3,2.18,46,2.18,2.17,2.19,2.15
CIG,2.32,2.33,2.38,2.35,2.3,47,2.19,2.29,2.3,2.18
CIG,2.35,2.34,2.355,2.38,2.325,48,2.32,2.33,2.35,2.3
CIG,2.32,2.35,2.38,2.355,2.305,49,2.35,2.34,2.38,2.325
CIG,2.36,2.31,2.45,2.38,2.31,50,2.32,2.35,2.355,2.305
CIG,2.38,2.41,2.47,2.45,2.3798,51,2.36,2.31,2.38,2.31
CIG,2.44,2.43,2.47,2.47,2.42,52,2.38,2.41,2.45,2.3798
CIG,2.44,2.43,2.41,2.47,2.41,53,2.44,2.43,2.47,2.42
CIG,2.4,2.36,2.44,2.41,2.33,54,2.44,2.43,2.47,2.41
CIG,2.365,2.42,2.47,2.44,2.35,55,2.4,2.36,2.41,2.33
CIG,2.42,2.41,2.495,2.47,2.4,56,2.365,2.42,2.44,2.35
CIG,2.45,2.45,2.475,2.495,2.44,57,2.42,2.41,2.47,2.4
CIG,2.47,2.46,2.54,2.475,2.42,58,2.45,2.45,2.495,2.44
CIG,2.47,2.52,2.58,2.54,2.47,59,2.47,2.46,2.475,2.42
CIG,2.55,2.57,2.54,2.58,2.54,60,2.47,2.52,2.54,2.47
CIG,2.525,2.51,2.52,2.54,2.48,61,2.55,2.57,2.58,2.54
CIG,2.505,2.51,2.47,2.52,2.4756,62,2.525,2.51,2.54,2.48
CIG,2.46,2.43,2.445,2.47,2.42,63,2.505,2.51,2.52,2.4756
CIG,2.39,2.42,2.455,2.445,2.375,64,2.46,2.43,2.47,2.42
CIG,2.415,2.43,2.5099,2.455,2.405,65,2.39,2.42,2.445,2.375
CIG,2.44,2.48,2.54,2.5099,2.438,66,2.415,2.43,2.455,2.405
CIG,2.5,2.49,2.55,2.54,2.48,67,2.44,2.48,2.5099,2.438
CIG,2.51,2.48,2.51,2.55,2.47,68,2.5,2.49,2.54,2.48
CIG,2.5,2.46,2.54,2.51,2.43,69,2.51,2.48,2.55,2.47
CIG,2.5,2.52,2.615,2.54,2.48,70,2.5,2.46,2.51,2.43
CIG,2.58,2.58,2.57,2.615,2.57,71,2.5,2.52,2.54,2.48
CIG,2.56,2.54,2.6,2.57,2.53,72,2.58,2.58,2.615,2.57
CIG,2.56,2.57,2.59,2.6,2.55,73,2.56,2.54,2.57,2.53
CIG,2.585,2.55,2.68,2.59,2.55,74,2.56,2.57,2.6,2.55
CIG,2.62,2.64,2.57,2.68,2.62,75,2.585,2.55,2.59,2.55
CIG,2.57,2.53,2.56,2.57,2.47,76,2.62,2.64,2.68,2.62
CIG,2.53,2.56,2.56,2.56,2.49,77,2.57,2.53,2.57,2.47
CIG,2.54,2.52,2.567,2.56,2.48,78,2.53,2.56,2.56,2.49
CIG,2.52,2.51,2.62,2.567,2.48,79,2.54,2.52,2.56,2.48
CIG,2.51,2.61,2.72,2.62,2.5,80,2.52,2.51,2.567,2.48
CIG,2.655,2.67,2.64,2.72,2.64,81,2.51,2.61,2.62,2.5
CIG,2.625,2.62,2.61,2.64,2.585,82,2.655,2.67,2.72,2.64
CIG,2.61,2.45,2.5335,2.61,2.44,83,2.625,2.62,2.64,2.585
CIG,2.5,2.5,2.655,2.5335,2.4601,84,2.61,2.45,2.61,2.44
CIG,2.6,2.64,2.6,2.655,2.595,85,2.5,2.5,2.5335,2.4601
CIG,2.55,2.58,2.6,2.6,2.535,86,2.6,2.64,2.655,2.595
CIG,2.59,2.54,2.58,2.6,2.53,87,2.55,2.58,2.6,2.535
CIG,2.575,2.51,2.55,2.58,2.48,88,2.59,2.54,2.6,2.53
CIG,2.47,2.52,2.565,2.55,2.47,89,2.575,2.51,2.58,2.48
LEVI,27.3,27.0,27.49,27.63,26.97,1,27.08,26.98,27.28,26.76
LEVI,27.26,27.17,27.57,27.49,26.85,2,27.3,27.0,27.63,26.97
LEVI,27.15,27.56,27.54,27.57,27.02,3,27.26,27.17,27.49,26.85
LEVI,27.35,26.99,27.29,27.54,26.81,4,27.15,27.56,27.57,27.02
LEVI,27.03,27.15,27.54,27.29,26.94,5,27.35,26.99,27.54,26.81
LEVI,27.205,27.53,27.8599,27.54,27.17,6,27.03,27.15,27.29,26.94
LEVI,27.68,27.19,27.665,27.8599,27.06,7,27.205,27.53,27.54,27.17
LEVI,27.3,27.57,28.0,27.665,27.06,8,27.68,27.19,27.8599,27.06
LEVI,27.76,27.89,28.37,28.0,27.56,9,27.3,27.57,27.665,27.06
LEVI,28.01,28.26,28.225,28.37,27.62,10,27.76,27.89,28.0,27.56
LEVI,28.05,27.63,28.47,28.225,27.41,11,28.01,28.26,28.37,27.62
LEVI,27.84,28.28,28.62,28.47,27.5,12,28.05,27.63,28.225,27.41
LEVI,28.35,27.93,28.3,28.62,27.7129,13,27.84,28.28,28.47,27.5
LEVI,27.45,28.19,27.5,28.3,27.358,14,28.35,27.93,28.62,27.7129
LEVI,27.29,27.2,27.6,27.5,26.26,15,27.45,28.19,28.3,27.358
LEVI,27.48,26.51,26.39,27.6,26.48,16,27.29,27.2,27.5,26.26
LEVI,26.23,25.57,26.73,26.39,25.5188,17,27.48,26.51,27.6,26.48
LEVI,26.04,24.63,25.52,26.73,24.63,18,26.23,25.57,26.39,25.5188
LEVI,25.01,25.38,25.83,25.52,24.81,19,26.04,24.63,26.73,24.63
LEVI,25.62,25.2,26.27,25.83,24.91,20,25.01,25.38,25.52,24.81
LEVI,25.65,25.49,26.29,26.27,25.3,21,25.62,25.2,25.83,24.91
LEVI,25.89,25.71,26.07,26.29,25.675,22,25.65,25.49,26.27,25.3
LEVI,25.5,25.98,26.06,26.07,25.43,23,25.89,25.71,26.29,25.675
LEVI,25.83,25.51,25.83,26.06,25.5,24,25.5,25.98,26.07,25.43
LEVI,25.57,25.27,25.189,25.83,25.09,25,25.83,25.51,26.06,25.5
LEVI,25.18,24.54,25.05,25.189,24.2,26,25.57,25.27,25.83,25.09
LEVI,24.27,24.39,24.52,25.05,24.23,27,25.18,24.54,25.189,24.2
LEVI,24.24,24.4,24.89,24.52,23.72,28,24.27,24.39,25.05,24.23
LEVI,24.57,24.18,24.45,24.89,24.1,29,24.24,24.4,24.52,23.72
LEVI,24.05,23.96,23.71,24.45,23.82,30,24.57,24.18,24.89,24.1
LEVI,23.6,23.04,24.21,23.71,22.52,31,24.05,23.96,24.45,23.82
LEVI,23.42,24.03,24.35,24.21,23.36,32,23.6,23.04,23.71,22.52
LEVI,24.12,24.16,24.66,24.35,23.91,33,23.42,24.03,24.21,23.36
LEVI,24.36,24.62,24.99,24.66,24.2501,34,24.12,24.16,24.35,23.91
LEVI,24.61,24.87,25.14,24.99,24.52,35,24.36,24.62,24.66,24.2501
LEVI,24.94,24.61,25.24,25.14,24.58,36,24.61,24.87,24.99,24.52
LEVI,24.7,25.03,25.37,25.24,24.61,37,24.94,24.61,25.14,24.58
LEVI,25.24,25.04,25.23,25.37,25.025,38,24.7,25.03,25.24,24.61
LEVI,25.1,25.03,25.25,25.23,24.77,39,25.24,25.04,25.37,25.025
LEVI,25.22,24.65,25.04,25.25,24.6,40,25.1,25.03,25.23,24.77
LEVI,24.89,24.5,24.765,25.04,24.45,41,25.22,24.65,25.25,24.6
LEVI,24.62,23.75,24.07,24.765,23.53,42,24.89,24.5,25.04,24.45
LEVI,23.76,23.75,23.82,24.07,23.35,43,24.62,23.75,24.765,23.53
LEVI,23.73,23.27,23.15,23.82,22.89,44,23.76,23.75,24.07,23.35
LEVI,22.98,22.83,23.29,23.15,22.48,45,23.73,23.27,23.82,22.89
LEVI,22.92,23.09,23.31,23.29,22.55,46,22.98,22.83,23.15,22.48
LEVI,23.29,22.76,23.53,23.31,22.72,47,22.92,23.09,23.29,22.55
LEVI,22.94,23.24,23.1815,23.53,22.84,48,23.29,22.76,23.31,22.72
LEVI,22.98,23.1,22.99,23.1815,22.76,49,22.94,23.24,23.53,22.84
LEVI,22.92,22.25,22.82,22.99,22.13,50,22.98,23.1,23.1815,22.76
LEVI,22.57,22.15,22.45,22.82,22.15,51,22.92,22.25,22.99,22.13
LEVI,22.33,21.27,21.925,22.45,21.26,52,22.57,22.15,22.82,22.15
LEVI,21.09,21.35,21.79,21.925,21.01,53,22.33,21.27,22.45,21.26
LEVI,20.82,21.79,21.62,21.79,20.4,54,21.09,21.35,21.925,21.01
LEVI,21.41,21.0,21.59,21.62,20.68,55,20.82,21.79,21.79,20.4
LEVI,21.43,20.32,23.8,21.59,20.18,56,21.41,21.0,21.62,20.68
LEVI,22.6,22.02,21.945,23.8,21.84,57,21.43,20.32,21.59,20.18
LEVI,21.52,21.92,21.95,21.945,21.28,58,22.6,22.02,23.8,21.84
LEVI,21.76,21.93,23.01,21.95,21.26,59,21.52,21.92,21.945,21.28
LEVI,22.23,22.96,23.32,23.01,21.87,60,21.76,21.93,21.95,21.26
LEVI,23.0,23.18,23.36,23.32,22.669,61,22.23,22.96,23.01,21.87
LEVI,22.89,22.34,22.63,23.36,22.25,62,23.0,23.18,23.32,22.669
LEVI,22.47,22.48,22.773,22.63,21.995,63,22.89,22.34,23.36,22.25
LEVI,22.5,22.66,23.47,22.773,22.39,64,22.47,22.48,22.63,21.995
LEVI,22.59,23.42,24.075,23.47,22.37,65,22.5,22.66,22.773,22.39
LEVI,23.67,23.86,24.22,24.075,23.51,66,22.59,23.42,23.47,22.37
LEVI,23.38,23.44,23.445,24.22,23.2205,67,23.67,23.86,24.075,23.51
LEVI,23.31,22.53,22.8498,23.445,22.26,68,23.38,23.44,24.22,23.2205
LEVI,22.53,22.21,22.88,22.8498,22.065,69,23.31,22.53,23.445,22.26
LEVI,22.62,22.68,22.83,22.88,22.435,70,22.53,22.21,22.8498,22.065
LEVI,22.74,22.72,22.72,22.83,22.423,71,22.62,22.68,22.88,22.435
LEVI,22.59,21.76,22.36,22.72,21.76,72,22.74,22.72,22.83,22.423
LEVI,21.82,22.02,22.49,22.36,21.66,73,22.59,21.76,22.72,21.76
LEVI,21.73,21.95,22.08,22.49,21.5,74,21.82,22.02,22.36,21.66
LEVI,22.07,21.63,22.14,22.08,21.49,75,21.73,21.95,22.49,21.5
LEVI,21.04,22.09,22.919,22.14,20.79,76,22.07,21.63,22.08,21.49
LEVI,22.4,22.83,22.93,22.919,22.13,77,21.04,22.09,22.14,20.79
LEVI,22.47,22.65,22.72,22.93,22.3,78,22.4,22.83,22.919,22.13
LEVI,22.56,21.04,21.89,22.72,20.76,79,22.47,22.65,22.93,22.3
LEVI,21.14,21.62,21.75,21.89,20.8,80,22.56,21.04,22.72,20.76
LEVI,21.71,21.0,20.77,21.75,20.8767,81,21.14,21.62,21.89,20.8
LEVI,20.63,19.63,19.59,20.77,19.355,82,21.71,21.0,21.75,20.8767
LEVI,19.5,17.98,18.53,19.59,17.7265,83,20.63,19.63,20.77,19.355
LEVI,17.935,18.05,19.19,18.53,17.34,84,19.5,17.98,19.59,17.7265
LEVI,18.87,18.86,18.9,19.19,18.74,85,17.935,18.05,18.53,17.34
LEVI,18.58,18.43,18.84,18.9,18.28,86,18.87,18.86,19.19,18.74
LEVI,18.83,18.22,18.95,18.84,18.21,87,18.58,18.43,18.9,18.28
LEVI,18.4,18.22,18.99,18.95,18.135,88,18.83,18.22,18.84,18.21
LEVI,18.22,18.6,20.17,18.99,18.17,89,18.4,18.22,18.95,18.135
BRX,25.2,25.51,25.63,25.83,25.03,1,25.33,24.57,25.5,24.51
BRX,25.45,24.73,24.96,25.63,24.52,2,25.2,25.51,25.83,25.03
BRX,24.67,24.68,24.835,24.96,24.525,3,25.45,24.73,25.63,24.52
BRX,24.68,24.64,24.855,24.835,24.6,4,24.67,24.68,24.96,24.525
BRX,24.56,24.68,24.82,24.855,24.49,5,24.68,24.64,24.835,24.6
BRX,24.65,24.4,24.71,24.82,24.35,6,24.56,24.68,24.855,24.49
BRX,24.63,24.64,24.64,24.71,24.45,7,24.65,24.4,24.82,24.35
BRX,24.57,24.4,24.75,24.64,24.16,8,24.63,24.64,24.71,24.45
BRX,24.25,24.73,24.99,24.75,24.0,9,24.57,24.4,24.64,24.16
BRX,24.82,24.63,24.93,24.99,24.56,10,24.25,24.73,24.75,24.0
BRX,24.77,24.57,25.11,24.93,24.36,11,24.82,24.63,24.99,24.56
BRX,24.68,25.0,25.18,25.11,24.57,12,24.77,24.57,24.93,24.36
BRX,24.935,25.0,25.125,25.18,24.85,13,24.68,25.0,25.11,24.57
BRX,24.83,25.03,24.155,25.125,24.75,14,24.935,25.0,25.18,24.85
BRX,24.0,23.77,24.08,24.155,23.29,15,24.83,25.03,25.125,24.75
BRX,23.92,23.39,23.12,24.08,23.255,16,24.0,23.77,24.155,23.29
BRX,23.02,22.74,23.77,23.12,22.6347,17,23.92,23.39,24.08,23.255
BRX,23.48,22.25,23.83,23.77,22.24,18,23.02,22.74,23.12,22.6347
BRX,22.59,23.57,23.84,23.83,22.49,19,23.48,22.25,23.77,22.24
BRX,23.72,23.33,24.38,23.84,23.07,20,22.59,23.57,23.83,22.49
BRX,23.72,24.04,24.615,24.38,23.6,21,23.72,23.33,23.84,23.07
BRX,24.16,24.32,24.795,24.615,24.03,22,23.72,24.04,24.38,23.6
BRX,24.34,24.61,24.285,24.795,24.24,23,24.16,24.32,24.615,24.03
BRX,24.1,23.98,24.22,24.285,23.88,24,24.34,24.61,24.795,24.24
BRX,24.07,23.94,24.02,24.22,23.69,25,24.1,23.98,24.285,23.88
BRX,23.72,23.74,23.85,24.02,23.375,26,24.07,23.94,24.22,23.69
BRX,23.65,23.36,23.71,23.85,23.32,27,23.72,23.74,24.02,23.375
BRX,23.43,23.57,23.93,23.71,23.02,28,23.65,23.36,23.85,23.32
BRX,23.71,23.76,23.96,23.93,23.52,29,23.43,23.57,23.71,23.02
BRX,23.75,23.76,23.425,23.96,23.57,30,23.71,23.76,23.93,23.52
BRX,23.395,23.07,24.12,23.425,22.68,31,23.75,23.76,23.96,23.57
BRX,23.43,24.09,24.545,24.12,23.33,32,23.395,23.07,23.425,22.68
BRX,24.07,24.37,24.64,24.545,23.97,33,23.43,24.09,24.12,23.33
BRX,24.47,24.49,24.8,24.64,24.31,34,24.07,24.37,24.545,23.97
BRX,24.41,24.79,25.02,24.8,24.19,35,24.47,24.49,24.64,24.31
BRX,24.68,24.91,25.09,25.02,24.61,36,24.41,24.79,24.8,24.19
BRX,24.8,25.07,25.485,25.09,24.72,37,24.68,24.91,25.02,24.61
BRX,25.09,25.31,25.595,25.485,25.04,38,24.8,25.07,25.09,24.72
BRX,25.34,25.41,25.78,25.595,25.31,39,25.09,25.31,25.485,25.04
BRX,25.59,25.49,25.915,25.78,25.22,40,25.34,25.41,25.595,25.31
BRX,25.48,25.82,26.0808,25.915,25.4,41,25.59,25.49,25.78,25.22
BRX,25.8,25.43,25.82,26.0808,25.385,42,25.48,25.82,25.915,25.4
BRX,25.76,25.68,25.99,25.82,25.395,43,25.8,25.43,26.0808,25.385
BRX,25.59,25.68,26.07,25.99,25.45,44,25.76,25.68,25.82,25.395
BRX,25.67,26.01,26.24,26.07,25.6,45,25.59,25.68,25.99,25.45
BRX,26.05,26.11,26.48,26.24,25.45,46,25.67,26.01,26.07,25.6
BRX,26.09,26.48,27.15,26.48,26.027,47,26.05,26.11,26.24,25.45
BRX,26.69,26.76,26.65,27.15,26.61,48,26.09,26.48,26.48,26.027
BRX,26.59,26.52,26.59,26.65,26.175,49,26.69,26.76,27.15,26.61
BRX,26.49,26.17,26.33,26.59,25.97,50,26.59,26.52,26.65,26.175
BRX,26.16,25.18,25.41,26.33,25.16,51,26.49,26.17,26.59,25.97
BRX,25.3,24.52,24.78,25.41,24.47,52,26.16,25.18,26.33,25.16
BRX,24.47,24.31,24.575,24.78,24.195,53,25.3,24.52,25.41,24.47
BRX,23.9,24.47,24.78,24.575,23.27,54,24.47,24.31,24.78,24.195
BRX,23.98,24.6,25.55,24.78,23.74,55,23.9,24.47,24.575,23.27
BRX,24.92,24.81,25.451,25.55,24.645,56,23.98,24.6,24.78,23.74
BRX,25.05,24.23,25.08,25.451,24.165,57,24.92,24.81,25.55,24.645
BRX,24.27,25.07,25.37,25.08,24.02,58,25.05,24.23,25.451,24.165
BRX,24.63,25.36,25.51,25.37,24.605,59,24.27,25.07,25.08,24.02
BRX,25.4,25.13,25.515,25.51,24.89,60,24.63,25.36,25.37,24.605
BRX,25.29,25.46,25.61,25.515,25.02,61,25.4,25.13,25.51,24.89
BRX,25.3,25.21,25.24,25.61,25.165,62,25.29,25.46,25.515,25.02
BRX,25.01,24.95,25.29,25.24,24.49,63,25.3,25.21,25.61,25.165
BRX,25.06,24.83,25.73,25.29,24.79,64,25.01,24.95,25.24,24.49
BRX,25.05,25.19,25.825,25.73,24.81,65,25.06,24.83,25.29,24.79
BRX,25.56,25.64,26.145,25.825,25.37,66,25.05,25.19,25.73,24.81
BRX,25.34,25.32,25.7,26.145,25.145,67,25.56,25.64,25.825,25.37
BRX,25.43,25.19,25.35,25.7,24.86,68,25.34,25.32,26.145,25.145
BRX,25.34,24.63,25.24,25.35,24.565,69,25.43,25.19,25.7,24.86
BRX,24.86,24.96,25.655,25.24,24.71,70,25.34,24.63,25.35,24.565
BRX,25.17,25.51,25.67,25.655,25.01,71,24.86,24.96,25.24,24.71
BRX,25.44,25.34,25.62,25.67,25.24,72,25.17,25.51,25.655,25.01
BRX,25.3,25.35,25.37,25.62,25.165,73,25.44,25.34,25.67,25.24
BRX,25.1,25.03,25.48,25.37,24.74,74,25.3,25.35,25.62,25.165
BRX,25.27,24.5,24.97,25.48,24.42,75,25.1,25.03,25.37,24.74
BRX,23.89,24.85,25.66,24.97,23.6411,76,25.27,24.5,25.48,24.42
BRX,25.11,25.64,25.67,25.66,24.92,77,23.89,24.85,24.97,23.6411
BRX,25.12,25.12,25.2,25.67,24.765,78,25.11,25.64,25.66,24.92
BRX,25.11,24.64,25.5,25.2,24.34,79,25.12,25.12,25.67,24.765
BRX,24.91,25.3,25.59,25.5,24.7,80,25.11,24.64,25.2,24.34
BRX,25.56,25.37,25.46,25.59,25.14,81,24.91,25.3,25.5,24.7
BRX,24.92,25.42,25.5,25.46,24.605,82,25.56,25.37,25.59,25.14
BRX,25.25,24.73,25.49,25.5,24.665,83,24.92,25.42,25.46,24.605
BRX,24.84,25.11,25.915,25.49,24.685,84,25.25,24.73,25.5,24.665
BRX,25.64,25.3,25.3,25.915,25.22,85,24.84,25.11,25.49,24.685
BRX,24.81,25.08,25.49,25.3,24.7,86,25.64,25.3,25.915,25.22
BRX,25.44,24.87,25.29,25.49,24.86,87,24.81,25.08,25.3,24.7
BRX,25.14,24.5,24.96,25.29,24.39,88,25.44,24.87,25.49,24.86
BRX,24.73,24.93,25.355,24.96,24.55,89,25.14,24.5,25.29,24.39
HWM,31.89,33.4,33.84,33.63,31.75,1,30.14,31.0,31.66,29.69
HWM,33.67,32.76,33.355,33.84,32.52,2,31.89,33.4,33.63,31.75
HWM,33.11,33.09,33.43,33.355,32.71,3,33.67,32.76,33.84,32.52
HWM,32.99,32.29,32.51,33.43,32.27,4,33.11,33.09,33.355,32.71
HWM,32.28,32.0,32.24,32.51,31.99,5,32.99,32.29,33.43,32.27
HWM,31.86,31.97,33.16,32.24,31.84,6,32.28,32.0,32.51,31.99
HWM,32.55,33.05,33.035,33.16,32.17,7,31.86,31.97,32.24,31.84
HWM,32.95,31.71,32.08,33.035,31.52,8,32.55,33.05,33.16,32.17
HWM,31.85,31.48,31.61,32.08,31.35,9,32.95,31.71,33.035,31.52
HWM,31.6,31.32,31.085,31.61,30.89,10,31.85,31.48,32.08,31.35
HWM,30.99,30.18,30.555,31.085,29.92,11,31.6,31.32,31.61,30.89
HWM,30.26,30.28,30.9,30.555,30.02,12,30.99,30.18,31.085,29.92
HWM,30.5,30.78,30.98,30.9,30.435,13,30.26,30.28,30.555,30.02
HWM,30.5,30.73,29.04,30.98,30.34,14,30.5,30.78,30.9,30.435
HWM,28.72,28.75,29.32,29.04,27.945,15,30.5,30.73,30.98,30.34
HWM,29.13,28.5,28.44,29.32,28.35,16,28.72,28.75,29.04,27.945
HWM,28.01,28.13,28.99,28.44,27.78,17,29.13,28.5,29.32,28.35
HWM,28.78,27.41,28.98,28.99,27.41,18,28.01,28.13,28.44,27.78
HWM,27.83,28.8,29.365,28.98,27.69,19,28.78,27.41,28.99,27.41
HWM,28.92,29.06,30.919,29.365,28.735,20,27.83,28.8,28.98,27.69
HWM,29.37,30.43,31.47,30.919,29.24,21,28.92,29.06,29.365,28.735
HWM,30.99,30.83,31.65,31.47,30.69,22,29.37,30.43,30.919,29.24
HWM,31.06,31.08,31.19,31.65,30.82,23,30.99,30.83,31.47,30.69
HWM,30.61,30.85,31.18,31.19,30.45,24,31.06,31.08,31.65,30.82
HWM,31.11,30.86,30.86,31.18,30.71,25,30.61,30.85,31.19,30.45
HWM,30.71,30.08,30.68,30.86,29.37,26,31.11,30.86,31.18,30.71
HWM,30.13,29.68,30.03,30.68,29.61,27,30.71,30.08,30.86,29.37
HWM,29.81,29.99,30.65,30.03,29.34,28,30.13,29.68,30.68,29.61
HWM,30.57,29.48,30.08,30.65,29.38,29,29.81,29.99,30.03,29.34
HWM,29.42,29.96,29.3285,30.08,28.98,30,30.57,29.48,30.65,29.38
HWM,29.11,29.26,31.06,29.3285,28.51,31,29.42,29.96,30.08,28.98
HWM,29.49,30.59,30.75,31.06,29.29,32,29.11,29.26,29.3285,28.51
HWM,30.41,30.3,31.23,30.75,30.045,33,29.49,30.59,31.06,29.29
HWM,30.41,31.13,31.405,31.23,30.32,34,30.41,30.3,30.75,30.045
HWM,30.97,31.35,31.71,31.405,30.77,35,30.41,31.13,31.23,30.32
HWM,31.24,31.64,31.73,31.71,31.16,36,30.97,31.35,31.405,30.77
HWM,31.435,31.63,32.02,31.73,31.24,37,31.24,31.64,31.71,31.16
HWM,31.63,31.64,31.955,32.02,31.5279,38,31.435,31.63,31.73,31.24
HWM,31.65,31.83,32.77,31.955,31.42,39,31.63,31.64,32.02,31.5279
HWM,32.13,32.33,33.69,32.77,31.99,40,31.65,31.83,31.955,31.42
HWM,32.57,33.53,34.3,33.69,32.45,41,32.13,32.33,32.77,31.99
HWM,33.95,33.32,34.085,34.3,33.28,42,32.57,33.53,33.69,32.45
HWM,33.735,33.65,34.62,34.085,33.36,43,33.95,33.32,34.3,33.28
HWM,33.78,34.01,34.39,34.62,33.34,44,33.735,33.65,34.085,33.36
HWM,34.25,33.98,34.36,34.39,33.44,45,33.78,34.01,34.62,33.34
HWM,33.96,33.92,34.49,34.36,33.34,46,34.25,33.98,34.39,33.44
HWM,34.18,33.91,34.915,34.49,33.81,47,33.96,33.92,34.36,33.34
HWM,34.04,34.38,35.09,34.915,34.03,48,34.18,33.91,34.49,33.81
HWM,33.96,35.07,35.05,35.09,33.81,49,34.04,34.38,34.915,34.03
HWM,34.79,34.32,34.35,35.05,34.025,50,33.96,35.07,35.09,33.81
HWM,34.3,33.83,34.38,34.35,33.67,51,34.79,34.32,35.05,34.025
HWM,34.0,33.58,33.48,34.38,33.54,52,34.3,33.83,34.35,33.67
HWM,33.19,32.63,33.02,33.48,32.34,53,34.0,33.58,34.38,33.54
HWM,31.74,32.82,32.68,33.02,31.13,54,33.19,32.63,33.48,32.34
HWM,32.11,32.23,33.0,32.68,31.1317,55,31.74,32.82,33.02,31.13
HWM,32.54,31.62,32.499,33.0,31.21,56,32.11,32.23,32.68,31.1317
HWM,32.05,30.64,30.875,32.499,30.4,57,32.54,31.62,33.0,31.21
HWM,30.39,30.76,31.17,30.875,29.35,58,32.05,30.64,32.499,30.4
HWM,30.36,31.09,31.645,31.17,30.19,59,30.39,30.76,30.875,29.35
HWM,31.23,31.62,32.87,31.645,30.85,60,30.36,31.09,31.17,30.19
HWM,32.18,32.61,33.17,32.87,31.91,61,31.23,31.62,31.645,30.85
HWM,33.09,32.52,32.51,33.17,32.42,62,32.18,32.61,32.87,31.91
HWM,32.325,32.18,33.335,32.51,31.64,63,33.09,32.52,33.17,32.42
HWM,32.37,32.83,33.57,33.335,32.16,64,32.325,32.18,32.51,31.64
HWM,33.21,33.51,34.695,33.57,32.75,65,32.37,32.83,33.335,32.16
HWM,33.89,34.47,35.54,34.695,33.89,66,33.21,33.51,33.57,32.75
HWM,34.16,34.56,35.14,35.54,34.03,67,33.89,34.47,34.695,33.89
HWM,34.61,34.34,34.69,35.14,33.93,68,34.16,34.56,35.54,34.03
HWM,34.55,34.07,35.55,34.69,33.94,69,34.61,34.34,35.14,33.93
HWM,34.36,34.99,35.93,35.55,34.25,70,34.55,34.07,34.69,33.94
HWM,34.89,35.73,35.37,35.93,34.8,71,34.36,34.99,35.55,34.25
HWM,35.21,34.98,35.35,35.37,34.765,72,34.89,35.73,35.93,34.8
HWM,34.9,34.56,35.11,35.35,34.43,73,35.21,34.98,35.37,34.765
HWM,34.67,34.41,34.81,35.11,34.12,74,34.9,34.56,35.35,34.43
HWM,34.76,33.81,34.419,34.81,33.79,75,34.67,34.41,35.11,34.12
HWM,33.02,34.38,35.93,34.419,32.68,76,34.76,33.81,34.81,33.79
HWM,34.38,35.75,36.6799,35.93,34.5,77,33.02,34.38,34.419,32.68
HWM,35.33,35.92,36.01,36.6799,35.29,78,34.38,35.75,35.93,34.5
HWM,35.96,33.11,35.51,36.01,32.88,79,35.33,35.92,36.6799,35.29
HWM,33.64,35.13,35.47,35.51,33.54,80,35.96,33.11,36.01,32.88
HWM,35.31,34.85,34.77,35.47,34.23,81,33.64,35.13,35.51,33.54
HWM,34.49,33.85,34.28,34.77,33.31,82,35.31,34.85,35.47,34.23
HWM,33.81,32.42,34.22,34.28,32.35,83,34.49,33.85,34.77,33.31
HWM,32.79,32.93,34.44,34.22,32.4,84,33.81,32.42,34.28,32.35
HWM,33.84,33.98,34.61,34.44,33.57,85,32.79,32.93,34.22,32.4
HWM,33.47,34.28,35.155,34.61,33.31,86,33.84,33.98,34.44,33.57
HWM,34.71,33.73,33.99,35.155,33.66,87,33.47,34.28,34.61,33.31
HWM,33.74,33.42,34.3,33.99,33.09,88,34.71,33.73,35.155,33.66
HWM,33.78,34.1,35.07,34.3,33.48,89,33.74,33.42,33.99,33.09
ESRT,10.26,10.48,10.51,10.48,10.12,1,10.12,9.97,10.22,9.88
ESRT,10.5,10.45,10.49,10.51,10.34,2,10.26,10.48,10.48,10.12
ESRT,10.36,10.45,10.755,10.49,10.36,3,10.5,10.45,10.51,10.34
ESRT,10.46,10.43,10.53,10.755,10.34,4,10.36,10.45,10.49,10.36
ESRT,10.47,10.45,10.565,10.53,10.33,5,10.46,10.43,10.755,10.34
ESRT,10.44,10.51,10.64,10.565,10.4,6,10.47,10.45,10.53,10.33
ESRT,10.61,10.54,10.53,10.64,10.465,7,10.44,10.51,10.565,10.4
ESRT,10.51,10.25,10.19,10.53,10.17,8,10.61,10.54,10.64,10.465
ESRT,10.11,10.04,10.105,10.19,9.85,9,10.51,10.25,10.53,10.17
ESRT,10.01,10.07,10.0,10.105,9.93,10,10.11,10.04,10.19,9.85
ESRT,9.94,9.89,10.0504,10.0,9.85,11,10.01,10.07,10.105,9.93
ESRT,9.85,9.87,10.01,10.0504,9.77,12,9.94,9.89,10.0,9.85
ESRT,9.82,9.93,10.3,10.01,9.78,13,9.85,9.87,10.0504,9.77
ESRT,9.92,10.29,9.94,10.3,9.86,14,9.82,9.93,10.01,9.78
ESRT,9.84,9.62,9.7,9.94,9.22,15,9.92,10.29,10.3,9.86
ESRT,9.65,9.48,9.45,9.7,9.24,16,9.84,9.62,9.94,9.22
ESRT,9.22,9.09,9.46,9.45,9.01,17,9.65,9.48,9.7,9.24
ESRT,9.19,8.91,9.38,9.46,8.89,18,9.22,9.09,9.45,9.01
ESRT,8.93,9.28,9.375,9.38,8.87,19,9.19,8.91,9.46,8.89
ESRT,9.31,9.15,9.65,9.375,9.11,20,8.93,9.28,9.38,8.87
ESRT,9.06,9.32,9.565,9.65,8.96,21,9.31,9.15,9.375,9.11
ESRT,9.4,9.35,9.635,9.565,9.28,22,9.06,9.32,9.65,8.96
ESRT,9.35,9.51,9.53,9.635,9.275,23,9.4,9.35,9.565,9.28
ESRT,9.34,9.21,9.24,9.53,8.8,24,9.35,9.51,9.635,9.275
ESRT,9.23,9.23,9.09,9.24,8.87,25,9.34,9.21,9.53,8.8
ESRT,9.1,9.01,9.12,9.09,8.77,26,9.23,9.23,9.24,8.87
ESRT,8.91,8.95,8.92,9.12,8.88,27,9.1,9.01,9.09,8.77
ESRT,8.89,8.89,9.01,8.92,8.7,28,8.91,8.95,9.12,8.88
ESRT,8.97,8.89,8.93,9.01,8.7925,29,8.89,8.89,8.92,8.7
ESRT,8.8,8.84,8.74,8.93,8.73,30,8.97,8.89,9.01,8.7925
ESRT,8.73,8.55,8.93,8.74,8.36,31,8.8,8.84,8.93,8.73
ESRT,8.6,8.82,8.88,8.93,8.6,32,8.73,8.55,8.74,8.36
ESRT,8.83,8.86,9.06,8.88,8.73,33,8.6,8.82,8.93,8.6
ESRT,8.93,9.03,9.08,9.06,8.91,34,8.83,8.86,8.88,8.73
ESRT,9.01,8.94,9.1,9.08,8.865,35,8.93,9.03,9.06,8.91
ESRT,8.94,8.94,8.96,9.1,8.92,36,9.01,8.94,9.08,8.865
ESRT,8.91,8.92,9.105,8.96,8.87,37,8.94,8.94,9.1,8.92
ESRT,8.94,8.96,9.035,9.105,8.92,38,8.91,8.92,8.96,8.87
ESRT,8.96,8.9,9.38,9.035,8.86,39,8.94,8.96,9.105,8.92
ESRT,8.96,9.27,9.76,9.38,8.91,40,8.96,8.9,9.035,8.86
ESRT,9.41,9.54,9.9,9.76,9.39,41,8.96,9.27,9.38,8.91
ESRT,9.63,9.52,10.16,9.9,9.44,42,9.41,9.54,9.76,9.39
ESRT,9.75,10.12,10.49,10.16,9.61,43,9.63,9.52,9.9,9.44
ESRT,10.05,10.17,10.3,10.49,10.03,44,9.75,10.12,10.16,9.61
ESRT,10.26,9.86,9.89,10.3,9.835,45,10.05,10.17,10.49,10.03
ESRT,9.85,9.78,9.79,9.89,9.685,46,10.26,9.86,10.3,9.835
ESRT,9.77,9.69,9.82,9.79,9.66,47,9.85,9.78,9.89,9.685
ESRT,9.48,9.73,9.87,9.82,9.319,48,9.77,9.69,9.79,9.66
ESRT,9.72,9.78,9.852,9.87,9.625,49,9.48,9.73,9.82,9.319
ESRT,9.8,9.49,9.6,9.852,9.45,50,9.72,9.78,9.87,9.625
ESRT,9.49,9.31,9.47,9.6,9.285,51,9.8,9.49,9.852,9.45
ESRT,9.32,9.18,9.18,9.47,9.145,52,9.49,9.31,9.6,9.285
ESRT,9.15,8.99,8.96,9.18,8.93,53,9.32,9.18,9.47,9.145
ESRT,8.77,8.95,9.005,8.96,8.46,54,9.15,8.99,9.18,8.93
ESRT,8.79,8.93,9.215,9.005,8.62,55,8.77,8.95,8.96,8.46
ESRT,9.03,8.84,9.035,9.215,8.75,56,8.79,8.93,9.005,8.62
ESRT,8.91,8.67,8.97,9.035,8.62,57,9.03,8.84,9.215,8.75
ESRT,8.65,8.97,8.99,8.97,8.54,58,8.91,8.67,9.035,8.62
ESRT,8.83,8.92,9.21,8.99,8.74,59,8.65,8.97,8.97,8.54
ESRT,8.88,9.18,9.37,9.21,8.865,60,8.83,8.92,8.99,8.74
ESRT,9.21,9.19,9.16,9.37,9.115,61,8.88,9.18,9.21,8.865
ESRT,9.14,8.94,9.01,9.16,8.93,62,9.21,9.19,9.37,9.115
ESRT,8.87,8.94,9.065,9.01,8.73,63,9.14,8.94,9.16,8.93
ESRT,8.94,8.98,9.065,9.065,8.92,64,8.87,8.94,9.01,8.73
ESRT,9.01,8.89,9.05,9.065,8.84,65,8.94,8.98,9.065,8.92
ESRT,9.02,8.98,9.31,9.05,8.92,66,9.01,8.89,9.065,8.84
ESRT,8.93,9.09,9.34,9.31,8.92,67,9.02,8.98,9.05,8.92
ESRT,9.15,9.1,9.17,9.34,9.025,68,8.93,9.09,9.31,8.92
ESRT,9.1,9.08,9.41,9.17,8.995,69,9.15,9.1,9.34,9.025
ESRT,9.18,9.38,9.675,9.41,9.12,70,9.1,9.08,9.17,8.995
ESRT,9.37,9.58,9.715,9.675,9.35,71,9.18,9.38,9.41,9.12
ESRT,9.48,9.66,9.78,9.715,9.39,72,9.37,9.58,9.675,9.35
ESRT,9.62,9.47,9.46,9.78,9.46,73,9.48,9.66,9.715,9.39
ESRT,9.43,9.35,9.51,9.46,9.24,74,9.62,9.47,9.78,9.46
ESRT,9.47,9.18,9.225,9.51,9.17,75,9.43,9.35,9.46,9.24
ESRT,8.96,9.21,9.63,9.225,8.79,76,9.47,9.18,9.51,9.17
ESRT,9.35,9.6,9.62,9.63,9.345,77,8.96,9.21,9.225,8.79
ESRT,9.4,9.46,9.53,9.62,9.34,78,9.35,9.6,9.63,9.345
ESRT,9.45,9.36,9.57,9.53,9.275,79,9.4,9.46,9.62,9.34
ESRT,9.43,9.5,9.57,9.57,9.4,80,9.45,9.36,9.53,9.275
ESRT,9.51,9.52,9.48,9.57,9.29,81,9.43,9.5,9.57,9.4
ESRT,9.33,9.43,9.275,9.48,9.225,82,9.51,9.52,9.57,9.29
ESRT,9.07,9.06,9.33,9.275,8.895,83,9.33,9.43,9.48,9.225
ESRT,9.09,9.19,9.49,9.33,9.045,84,9.07,9.06,9.275,8.895
ESRT,9.4,9.24,9.37,9.49,9.24,85,9.09,9.19,9.33,9.045
ESRT,9.05,9.36,9.495,9.37,9.02,86,9.4,9.24,9.49,9.24
ESRT,9.38,9.23,9.51,9.495,9.19,87,9.05,9.36,9.37,9.02
ESRT,9.28,9.23,9.585,9.51,9.17,88,9.38,9.23,9.495,9.19
ESRT,9.26,9.52,9.72,9.585,9.21,89,9.28,9.23,9.51,9.17
KGC,6.05,6.21,6.29,6.215,6.0,1,6.17,6.01,6.195,5.98
KGC,6.28,6.27,6.29,6.29,6.185,2,6.05,6.21,6.215,6.0
KGC,6.28,6.24,6.6099,6.29,6.155,3,6.28,6.27,6.29,6.185
KGC,6.5,6.46,6.84,6.6099,6.3801,4,6.28,6.24,6.29,6.155
KGC,6.65,6.79,6.9699,6.84,6.53,5,6.5,6.46,6.6099,6.3801
KGC,6.71,6.94,7.04,6.9699,6.67,6,6.65,6.79,6.84,6.53
KGC,6.91,7.02,7.13,7.04,6.86,7,6.71,6.94,6.9699,6.67
KGC,7.02,6.86,7.07,7.13,6.83,8,6.91,7.02,7.04,6.86
KGC,6.96,6.96,6.95,7.07,6.895,9,7.02,6.86,7.13,6.83
KGC,6.9,6.82,6.84,6.95,6.78,10,6.96,6.96,7.07,6.895
KGC,6.81,6.67,6.66,6.84,6.6,11,6.9,6.82,6.95,6.78
KGC,6.55,6.56,6.475,6.66,6.44,12,6.81,6.67,6.84,6.6
KGC,6.4,6.35,6.305,6.475,6.24,13,6.55,6.56,6.66,6.44
KGC,6.29,6.23,6.3,6.305,6.17,14,6.4,6.35,6.475,6.24
KGC,6.27,6.13,6.1,6.3,6.0,15,6.29,6.23,6.305,6.17
KGC,6.05,6.06,6.27,6.1,5.9,16,6.27,6.13,6.3,6.0
KGC,6.07,5.95,6.14,6.27,5.94,17,6.05,6.06,6.1,5.9
KGC,6.065,5.82,5.84,6.14,5.81,18,6.07,5.95,6.27,5.94
KGC,5.82,5.8,5.8798,5.84,5.7,19,6.065,5.82,6.14,5.81
KGC,5.825,5.84,5.95,5.8798,5.76,20,5.82,5.8,5.84,5.7
KGC,5.79,5.94,6.06,5.95,5.755,21,5.825,5.84,5.8798,5.76
KGC,5.965,5.94,5.9554,6.06,5.94,22,5.79,5.94,5.95,5.755
KGC,5.935,5.89,5.565,5.9554,5.81,23,5.965,5.94,6.06,5.94
KGC,5.55,5.27,5.37,5.565,5.22,24,5.935,5.89,5.9554,5.81
KGC,5.35,5.33,5.38,5.37,5.24,25,5.55,5.27,5.565,5.22
KGC,5.32,5.2,5.22,5.38,5.18,26,5.35,5.33,5.37,5.24
KGC,5.1,5.08,5.08,5.22,5.07,27,5.32,5.2,5.38,5.18
KGC,5.06,5.04,5.43,5.08,4.9,28,5.1,5.08,5.22,5.07
KGC,5.17,5.41,5.63,5.43,5.145,29,5.06,5.04,5.08,4.9
KGC,5.44,5.55,5.6,5.63,5.42,30,5.17,5.41,5.43,5.145
KGC,5.48,5.57,5.625,5.6,5.37,31,5.44,5.55,5.63,5.42
KGC,5.62,5.56,5.62,5.625,5.47,32,5.48,5.57,5.6,5.37
KGC,5.56,5.59,5.62,5.62,5.45,33,5.62,5.56,5.625,5.47
KGC,5.6,5.57,5.62,5.62,5.535,34,5.56,5.59,5.62,5.45
KGC,5.52,5.55,5.71,5.62,5.5,35,5.6,5.57,5.62,5.535
KGC,5.54,5.6,5.72,5.71,5.54,36,5.52,5.55,5.62,5.5
KGC,5.55,5.63,5.77,5.72,5.5132,37,5.54,5.6,5.71,5.54
KGC,5.66,5.75,5.84,5.77,5.63,38,5.55,5.63,5.72,5.5132
KGC,5.81,5.81,5.74,5.84,5.75,39,5.66,5.75,5.77,5.63
KGC,5.76,5.66,5.79,5.74,5.5601,40,5.81,5.81,5.84,5.75
KGC,5.69,5.69,5.8,5.79,5.65,41,5.76,5.66,5.74,5.5601
KGC,5.73,5.6,5.527,5.8,5.59,42,5.69,5.69,5.79,5.65
KGC,5.48,5.36,5.48,5.527,5.35,43,5.73,5.6,5.8,5.59
KGC,5.43,5.45,5.56,5.48,5.36,44,5.48,5.36,5.527,5.35
KGC,5.39,5.55,5.68,5.56,5.34,45,5.43,5.45,5.48,5.36
KGC,5.57,5.68,5.78,5.68,5.52,46,5.39,5.55,5.56,5.34
KGC,5.7,5.78,5.81,5.78,5.65,47,5.57,5.68,5.68,5.52
KGC,5.76,5.67,5.69,5.81,5.66,48,5.7,5.78,5.78,5.65
KGC,5.69,5.59,5.62,5.69,5.525,49,5.76,5.67,5.81,5.66
KGC,5.56,5.48,6.0,5.62,5.42,50,5.69,5.59,5.69,5.525
KGC,5.57,5.91,5.985,6.0,5.53,51,5.56,5.48,5.62,5.42
KGC,5.93,5.81,5.86,5.985,5.8,52,5.57,5.91,6.0,5.53
KGC,5.81,5.65,5.635,5.86,5.605,53,5.93,5.81,5.985,5.8
KGC,5.57,5.62,5.66,5.635,5.38,54,5.81,5.65,5.86,5.605
KGC,5.58,5.65,5.7,5.66,5.47,55,5.57,5.62,5.635,5.38
KGC,5.66,5.46,5.5,5.7,5.4,56,5.58,5.65,5.66,5.47
KGC,5.375,5.31,5.3,5.5,5.31,57,5.66,5.46,5.7,5.4
KGC,5.285,5.25,5.42,5.3,5.15,58,5.375,5.31,5.5,5.31
KGC,5.3,5.4,5.525,5.42,5.26,59,5.285,5.25,5.3,5.15
KGC,5.46,5.47,5.6,5.525,5.38,60,5.3,5.4,5.42,5.26
KGC,5.49,5.49,5.48,5.6,5.4,61,5.46,5.47,5.525,5.38
KGC,5.44,5.38,5.485,5.48,5.34,62,5.49,5.49,5.6,5.4
KGC,5.36,5.4,5.59,5.485,5.35,63,5.44,5.38,5.48,5.34
KGC,5.51,5.54,5.68,5.59,5.42,64,5.36,5.4,5.485,5.35
KGC,5.565,5.67,5.74,5.68,5.52,65,5.51,5.54,5.59,5.42
KGC,5.69,5.65,5.705,5.74,5.64,66,5.565,5.67,5.68,5.52
KGC,5.61,5.45,5.79,5.705,5.41,67,5.69,5.65,5.74,5.64
KGC,5.46,5.71,5.8299,5.79,5.45,68,5.61,5.45,5.705,5.41
KGC,5.77,5.74,5.75,5.8299,5.645,69,5.46,5.71,5.79,5.45
KGC,5.6,5.72,5.92,5.75,5.55,70,5.77,5.74,5.8299,5.645
KGC,5.795,5.86,5.99,5.92,5.765,71,5.6,5.72,5.75,5.55
KGC,5.9,5.81,5.98,5.99,5.59,72,5.795,5.86,5.92,5.765
KGC,5.815,5.82,5.85,5.98,5.78,73,5.9,5.81,5.99,5.59
KGC,5.81,5.51,5.63,5.85,5.46,74,5.815,5.82,5.98,5.78
KGC,5.51,5.5,5.63,5.63,5.45,75,5.81,5.51,5.85,5.46
KGC,5.61,5.32,5.59,5.63,5.2,76,5.51,5.5,5.63,5.45
KGC,5.24,5.53,5.48,5.59,5.2173,77,5.61,5.32,5.63,5.2
KGC,5.43,5.01,5.21,5.48,5.0,78,5.24,5.53,5.59,5.2173
KGC,5.07,5.19,5.47,5.21,5.03,79,5.43,5.01,5.48,5.0
KGC,5.1,5.45,5.35,5.47,5.09,80,5.07,5.19,5.21,5.03
KGC,5.15,5.29,5.5275,5.35,5.08,81,5.1,5.45,5.47,5.09
KGC,5.25,5.48,5.56,5.5275,5.2,82,5.15,5.29,5.35,5.08
KGC,5.4,5.5,5.81,5.56,5.33,83,5.25,5.48,5.5275,5.2
KGC,5.52,5.6,5.6376,5.81,5.47,84,5.4,5.5,5.56,5.33
KGC,5.38,5.61,5.77,5.6376,5.34,85,5.52,5.6,5.81,5.47
KGC,5.67,5.69,5.695,5.77,5.61,86,5.38,5.61,5.6376,5.34
KGC,5.54,5.63,5.59,5.695,5.515,87,5.67,5.69,5.77,5.61
KGC,5.53,5.3,5.46,5.59,5.21,88,5.54,5.63,5.695,5.515
KGC,5.17,5.39,5.53,5.46,5.1331,89,5.53,5.3,5.59,5.21
PXD,188.84,185.3,189.67,189.03,184.35,1,193.0,185.82,193.86,182.28
PXD,187.68,186.45,187.98,189.67,185.79,2,188.84,185.3,189.03,184.35
PXD,185.52,187.34,187.015,187.98,182.05,3,187.68,186.45,189.67,185.79
PXD,186.54,182.28,185.97,187.015,180.5,4,185.52,187.34,187.98,182.05
PXD,183.82,183.0,183.29,185.97,182.8,5,186.54,182.28,187.015,180.5
PXD,181.185,183.24,184.27,183.29,180.76,6,183.82,183.0,185.97,182.8
PXD,182.49,182.66,185.02,184.27,179.5,7,181.185,183.24,183.29,180.76
PXD,183.28,183.07,184.99,185.02,180.24,8,182.49,182.66,184.27,179.5
PXD,181.57,180.25,182.41,184.99,179.25,9,183.28,183.07,185.02,180.24
PXD,180.87,179.71,178.24,182.41,178.332,10,181.57,180.25,184.99,179.25
PXD,176.505,176.46,183.38,178.24,173.88,11,180.87,179.71,182.41,178.332
PXD,176.46,180.48,191.2122,183.38,175.58,12,176.505,176.46,178.24,173.88
PXD,183.14,188.06,192.74,191.2122,183.24,13,176.46,180.48,183.38,175.58
PXD,187.535,190.25,183.1984,192.74,187.22,14,183.14,188.06,191.2122,183.24
PXD,182.6,181.73,186.99,183.1984,177.44,15,187.535,190.25,192.74,187.22
PXD,183.93,183.36,181.92,186.99,182.15,16,182.6,181.73,183.1984,177.44
PXD,178.77,178.32,183.43,181.92,176.81,17,183.93,183.36,186.99,182.15
PXD,182.815,174.3,178.28,183.43,174.25,18,178.77,178.32,181.92,176.81
PXD,173.56,177.01,181.72,178.28,170.87,19,182.815,174.3,183.43,174.25
PXD,181.1,176.89,182.06,181.72,175.11,20,173.56,177.01,178.28,170.87
PXD,179.8,179.52,188.14,182.06,176.31,21,181.1,176.89,181.72,175.11
PXD,183.35,185.74,187.38,188.14,182.96,22,179.8,179.52,182.06,176.31
PXD,186.97,185.28,184.94,187.38,184.13,23,183.35,185.74,188.14,182.96
PXD,183.85,183.09,185.0,184.94,181.94,24,186.97,185.28,187.38,184.13
PXD,184.97,184.25,182.71,185.0,179.79,25,183.85,183.09,184.94,181.94
PXD,182.09,178.88,180.01,182.71,176.79,26,184.97,184.25,185.0,179.79
PXD,177.25,177.52,178.47,180.01,176.51,27,182.09,178.88,182.71,176.79
PXD,177.25,174.16,180.65,178.47,171.19,28,177.25,177.52,180.01,176.51
PXD,176.82,177.32,176.54,180.65,175.9,29,177.25,174.16,178.47,171.19
PXD,176.41,173.69,172.86,176.54,171.29,30,176.82,177.32,180.65,175.9
PXD,169.02,172.65,179.165,172.86,166.97,31,176.41,173.69,176.54,171.29
PXD,175.33,177.93,182.12,179.165,174.4399,32,169.02,172.65,172.86,166.97
PXD,176.45,181.0,183.95,182.12,175.8,33,175.33,177.93,179.165,174.4399
PXD,181.58,180.03,186.05,183.95,180.01,34,176.45,181.0,182.12,175.8
PXD,179.69,185.77,187.68,186.05,177.12,35,181.58,180.03,183.95,180.01
PXD,186.785,183.81,185.77,187.68,182.4,36,179.69,185.77,186.05,177.12
PXD,183.0,183.56,184.86,185.77,182.19,37,186.785,183.81,187.68,182.4
PXD,184.5,181.28,183.1,184.86,181.22,38,183.0,183.56,185.77,182.19
PXD,181.02,181.88,187.29,183.1,180.42,39,184.5,181.28,184.86,181.22
PXD,181.05,186.89,193.12,187.29,179.8,40,181.02,181.88,183.1,180.42
PXD,189.09,191.28,196.5037,193.12,187.53,41,181.05,186.89,187.29,179.8
PXD,193.565,192.92,200.61,196.5037,192.04,42,189.09,191.28,193.12,187.53
PXD,199.14,198.33,200.0,200.61,196.3854,43,193.565,192.92,196.5037,192.04
PXD,199.08,199.07,199.6855,200.0,196.95,44,199.14,198.33,200.61,196.3854
PXD,198.54,199.12,204.62,199.6855,194.78,45,199.08,199.07,200.0,196.95
PXD,201.0,204.0,205.66,204.62,197.15,46,198.54,199.12,199.6855,194.78
PXD,204.62,204.91,208.08,205.66,202.23,47,201.0,204.0,204.62,197.15
PXD,204.8,207.3,216.04,208.08,203.5,48,204.62,204.91,205.66,202.23
PXD,208.11,215.7,218.11,216.04,207.96,49,204.8,207.3,208.08,203.5
PXD,217.66,216.09,219.57,218.11,212.04,50,208.11,215.7,216.04,207.96
PXD,217.95,219.06,222.04,219.57,215.02,51,217.66,216.09,218.11,212.04
PXD,215.95,215.0,213.75,222.04,214.09,52,217.95,219.06,219.57,215.02
PXD,212.87,206.91,206.96,213.75,204.9201,53,215.95,215.0,222.04,214.09
PXD,200.69,206.0,213.72,206.96,194.539,54,212.87,206.91,213.75,204.9201
PXD,206.04,213.14,218.9,213.72,199.72,55,200.69,206.0,206.96,194.539
PXD,216.1,212.45,218.52,218.9,211.3,56,206.04,213.14,213.72,199.72
PXD,217.47,213.85,215.85,218.52,209.93,57,216.1,212.45,218.9,211.3
PXD,214.135,215.37,219.68,215.85,210.92,58,217.47,213.85,218.52,209.93
PXD,214.51,218.89,224.685,219.68,209.98,59,214.135,215.37,215.85,210.92
PXD,215.33,224.22,224.0,224.685,214.88,60,214.51,218.89,219.68,209.98
PXD,222.78,223.48,224.6787,224.0,218.02,61,215.33,224.22,224.685,214.88
PXD,222.36,222.76,232.84,224.6787,220.28,62,222.78,223.48,224.0,218.02
PXD,225.94,227.85,228.3057,232.84,225.62,63,222.36,222.76,224.6787,220.28
PXD,227.555,226.48,226.0,228.3057,223.57,64,225.94,227.85,232.84,225.62
PXD,225.1,220.83,224.29,226.0,218.0701,65,227.555,226.48,228.3057,223.57
PXD,222.3,221.82,227.86,224.29,220.15,66,225.1,220.83,226.0,218.0701
PXD,220.88,222.12,231.279,227.86,220.0,67,222.3,221.82,224.29,220.15
PXD,224.68,230.88,230.14,231.279,222.7,68,220.88,222.12,227.86,220.0
PXD,230.0,224.05,219.86,230.14,220.43,69,224.68,230.88,231.279,222.7
PXD,216.91,219.18,226.1,219.86,211.62,70,230.0,224.05,230.14,220.43
PXD,220.57,222.48,230.6877,226.1,220.53,71,216.91,219.18,219.86,211.62
PXD,224.04,230.13,237.56,230.6877,220.74,72,220.57,222.48,226.1,220.53
PXD,226.85,233.38,240.97,237.56,226.6,73,224.04,230.13,230.6877,220.74
PXD,240.35,223.2,229.99,240.97,218.65,74,226.85,233.38,237.56,226.6
PXD,225.25,225.27,231.99,229.99,224.09,75,240.35,223.2,240.97,218.65
PXD,230.9,225.9,231.73,231.99,218.2389,76,225.25,225.27,229.99,224.09
PXD,222.635,229.28,240.03,231.73,222.0,77,230.9,225.9,231.99,218.2389
PXD,230.02,239.6,242.19,240.03,228.2,78,222.635,229.28,231.73,222.0
PXD,238.735,240.47,245.71,242.19,237.04,79,230.02,239.6,240.03,228.2
PXD,243.69,242.25,243.23,245.71,240.65,80,238.735,240.47,242.19,237.04
PXD,240.7,238.08,241.71,243.23,236.1325,81,243.69,242.25,245.71,240.65
PXD,239.47,241.16,246.49,241.71,235.82,82,240.7,238.08,243.23,236.1325
PXD,243.0,236.63,243.48,246.49,233.86,83,239.47,241.16,241.71,235.82
PXD,240.69,237.37,233.97,243.48,223.295,84,243.0,236.63,246.49,233.86
PXD,232.62,230.4,238.58,233.97,223.75,85,240.69,237.37,243.48,223.295
PXD,235.01,237.75,238.1638,238.58,229.97,86,232.62,230.4,233.97,223.75
PXD,234.43,232.49,233.06,238.1638,232.06,87,235.01,237.75,238.58,229.97
PXD,231.66,229.34,229.2499,233.06,221.7,88,234.43,232.49,238.1638,232.06
PXD,220.06,227.79,231.53,229.2499,218.6,89,231.66,229.34,233.06,221.7
